64	20	5	115	1	0
64	20	10	118	1	0
64	20	4	64	1	0
64	20	7	97	1	0
64	20	11	115	1	0
64	20	3	114	1	0
64	20	0	97	1	0
64	20	1	375	1	0
64	20	8	126	1	0
64	20	9	115	1	0
64	20	2	98	1	0
64	21	3	114	1	0
64	21	0	97	1	0
64	21	1	375	1	0
64	21	8	126	1	0
64	21	9	115	1	0
64	21	2	98	1	0
64	21	5	115	1	0
64	21	10	118	1	0
64	21	4	64	1	0
64	21	7	97	1	0
64	21	11	115	1	0
64	22	2	98	1	0
64	22	5	115	1	0
64	22	10	118	1	0
64	22	4	64	1	0
64	22	7	97	1	0
64	22	11	115	1	0
64	22	3	114	1	0
64	22	0	97	1	0
64	22	1	375	1	0
64	22	8	126	1	0
64	22	9	115	1	0
65	20	11	116	1	0
65	20	3	115	1	0
65	20	0	98	1	0
65	20	1	376	1	0
65	20	8	127	1	0
65	20	9	116	1	0
65	20	2	99	1	0
65	20	5	116	1	0
65	20	10	119	1	0
65	20	4	65	1	0
65	20	7	98	1	0
65	21	5	116	1	0
65	21	10	119	1	0
65	21	4	65	1	0
65	21	7	98	1	0
65	21	11	116	1	0
65	21	3	115	1	0
65	21	0	98	1	0
65	21	1	376	1	0
65	21	8	127	1	0
65	21	9	116	1	0
65	21	2	99	1	0
65	22	10	119	1	0
65	22	4	65	1	0
65	22	7	98	1	0
65	22	11	116	1	0
65	22	3	115	1	0
65	22	0	98	1	0
65	22	1	376	1	0
65	22	8	127	1	0
65	22	9	116	1	0
65	22	2	99	1	0
65	22	5	116	1	0
66	22	5	117	1	0
66	22	10	120	1	0
66	22	4	66	1	0
66	22	7	99	1	0
66	22	11	117	1	0
66	22	3	116	1	0
66	22	0	99	1	0
66	22	1	377	1	0
66	22	8	128	1	0
66	22	9	117	1	0
66	22	2	100	1	0
66	23	11	117	1	0
66	23	3	116	1	0
66	23	0	99	1	0
66	23	1	377	1	0
66	23	8	128	1	0
66	23	9	117	1	0
66	23	2	100	1	0
66	23	5	117	1	0
66	23	10	120	1	0
66	23	4	66	1	0
66	23	7	99	1	0
66	24	0	99	1	1
66	24	1	377	1	1
66	24	8	128	1	1
66	24	9	117	1	1
66	24	2	100	1	1
66	24	5	117	1	1
66	24	10	120	1	1
66	24	4	66	1	1
66	24	7	99	1	1
66	24	11	117	1	1
66	24	3	116	1	1
67	22	1	378	1	0
67	22	8	129	1	0
67	22	9	118	1	0
67	22	2	101	1	0
67	22	5	118	1	0
67	22	10	121	1	0
67	22	4	67	1	0
67	22	7	100	1	0
67	22	11	118	1	0
67	22	3	117	1	0
67	22	0	100	1	0
67	23	3	117	1	1
67	23	0	100	1	1
67	23	1	378	1	1
67	23	8	129	1	1
67	23	9	118	1	1
67	23	2	101	1	1
67	23	5	118	1	1
67	23	10	121	1	1
67	23	4	67	1	1
67	23	7	100	1	1
67	23	11	118	1	1
67	24	3	117	1	1
67	24	0	100	1	1
67	24	1	378	1	1
67	24	8	129	1	1
67	24	9	118	1	1
67	24	2	101	1	1
67	24	5	118	1	1
67	24	10	121	1	1
67	24	4	67	1	1
67	24	7	100	1	1
67	24	11	118	1	1
68	22	4	68	0	1
68	22	7	101	0	1
68	22	11	119	0	1
68	22	3	118	0	1
68	22	0	101	0	1
68	22	1	379	0	1
68	22	8	130	0	1
68	22	9	119	0	1
68	22	2	102	0	1
68	22	5	119	0	1
68	22	10	122	0	1
68	23	11	119	0	1
68	23	3	118	0	1
68	23	0	101	0	1
68	23	1	379	0	1
68	23	8	130	0	1
68	23	9	119	0	1
68	23	2	102	0	1
68	23	5	119	0	1
68	23	10	122	0	1
68	23	4	68	0	1
68	23	7	101	0	1
69	21	10	123	1	1
69	21	4	69	1	1
69	21	7	102	1	1
69	21	11	120	1	1
69	21	3	119	1	1
69	21	0	102	1	1
69	21	1	380	1	1
69	21	8	131	1	1
69	21	9	120	1	1
69	21	2	103	1	1
69	21	5	120	1	1
69	22	3	119	1	1
69	22	0	102	1	1
69	22	1	380	1	1
69	22	8	131	1	1
69	22	9	120	1	1
69	22	2	103	1	1
69	22	5	120	1	1
69	22	10	123	1	1
69	22	4	69	1	1
69	22	7	102	1	1
69	22	11	120	1	1
70	21	1	381	1	1
70	21	8	132	1	1
70	21	9	121	1	1
70	21	2	104	1	1
70	21	5	121	1	1
70	21	10	124	1	1
70	21	4	70	1	1
70	21	7	103	1	1
70	21	11	121	1	1
70	21	3	120	1	1
70	21	0	103	1	1
70	22	8	132	1	1
70	22	9	121	1	1
70	22	2	104	1	1
70	22	5	121	1	1
70	22	10	124	1	1
70	22	4	70	1	1
70	22	7	103	1	1
70	22	11	121	1	1
70	22	3	120	1	1
70	22	0	103	1	1
70	22	1	381	1	1
71	21	9	122	1	1
71	21	2	105	1	1
71	21	5	122	1	1
71	21	10	125	1	1
71	21	4	71	1	1
71	21	7	104	1	1
71	21	11	122	1	1
71	21	3	121	1	1
71	21	0	104	1	1
71	21	1	382	1	1
71	21	8	133	1	1
71	22	0	104	1	1
71	22	1	382	1	1
71	22	8	133	1	1
71	22	9	122	1	1
71	22	2	105	1	1
71	22	5	122	1	1
71	22	10	125	1	1
71	22	4	71	1	1
71	22	7	104	1	1
71	22	11	122	1	1
71	22	3	121	1	1
72	22	3	122	0	1
72	22	0	105	0	1
72	22	1	383	0	1
72	22	8	134	0	1
72	22	9	123	0	1
72	22	2	106	0	1
72	22	5	123	0	1
72	22	10	126	0	1
72	22	4	72	0	1
72	22	7	105	0	1
72	22	11	123	0	1
73	21	3	123	0	1
73	21	0	106	0	1
73	21	1	384	0	1
73	21	8	135	0	1
73	21	9	124	0	1
73	21	2	107	0	1
73	21	5	124	0	1
73	21	10	127	0	1
73	21	4	73	0	1
73	21	7	106	0	1
73	21	11	124	0	1
73	22	7	106	1	1
73	22	11	124	1	1
73	22	3	123	1	1
73	22	0	106	1	1
73	22	1	384	1	1
73	22	8	135	1	1
73	22	9	124	1	1
73	22	2	107	1	1
73	22	5	124	1	1
73	22	10	127	1	1
73	22	4	73	1	1
73	23	11	124	1	1
73	23	3	123	1	1
73	23	0	106	1	1
73	23	1	384	1	1
73	23	8	135	1	1
73	23	9	124	1	1
73	23	2	107	1	1
73	23	5	124	1	1
73	23	10	127	1	1
73	23	4	73	1	1
73	23	7	106	1	1
74	21	5	125	1	1
74	21	10	128	1	1
74	21	4	74	1	1
74	21	7	107	1	1
74	21	11	125	1	1
74	21	3	124	1	1
74	21	0	107	1	1
74	21	1	385	1	1
74	21	8	136	1	1
74	21	9	125	1	1
74	21	2	108	1	1
74	22	7	107	1	1
74	22	11	125	1	1
74	22	3	124	1	1
74	22	0	107	1	1
74	22	1	385	1	1
74	22	8	136	1	1
74	22	9	125	1	1
74	22	2	108	1	1
74	22	5	125	1	1
74	22	10	128	1	1
74	22	4	74	1	1
74	23	11	125	1	1
74	23	3	124	1	1
74	23	0	107	1	1
74	23	1	385	1	1
74	23	8	136	1	1
74	23	9	125	1	1
74	23	2	108	1	1
74	23	5	125	1	1
74	23	10	128	1	1
74	23	4	74	1	1
74	23	7	107	1	1
75	22	10	129	1	1
75	22	4	75	1	1
75	22	7	108	1	1
75	22	11	126	1	1
75	22	3	125	1	1
75	22	0	108	1	1
75	22	1	386	1	1
75	22	8	137	1	1
75	22	9	126	1	1
75	22	2	109	1	1
75	22	5	126	1	1
75	23	4	75	1	1
75	23	7	108	1	1
75	23	11	126	1	1
75	23	3	125	1	1
75	23	0	108	1	1
75	23	1	386	1	1
75	23	8	137	1	1
75	23	9	126	1	1
75	23	2	109	1	1
75	23	5	126	1	1
75	23	10	129	1	1
75	24	3	125	1	1
75	24	0	108	1	1
75	24	1	386	1	1
75	24	8	137	1	1
75	24	9	126	1	1
75	24	2	109	1	1
75	24	5	126	1	1
75	24	10	129	1	1
75	24	4	75	1	1
75	24	7	108	1	1
75	24	11	126	1	1
75	25	2	109	1	0
75	25	5	126	1	0
75	25	10	129	1	0
75	25	4	75	1	0
75	25	7	108	1	0
75	25	11	126	1	0
75	25	3	125	1	0
75	25	0	108	1	0
75	25	1	386	1	0
75	25	8	137	1	0
75	25	9	126	1	0
76	23	0	109	1	1
76	23	1	387	1	1
76	23	8	138	1	1
76	23	9	127	1	1
76	23	2	110	1	1
76	23	5	127	1	1
76	23	10	130	1	1
76	23	4	76	1	1
76	23	7	109	1	1
76	23	11	127	1	1
76	23	3	126	1	1
76	24	11	127	1	0
76	24	3	126	1	0
76	24	0	109	1	0
76	24	1	387	1	0
76	24	8	138	1	0
76	24	9	127	1	0
76	24	2	110	1	0
76	24	5	127	1	0
76	24	10	130	1	0
76	24	4	76	1	0
76	24	7	109	1	0
76	25	1	387	1	1
76	25	8	138	1	1
76	25	9	127	1	1
76	25	2	110	1	1
76	25	5	127	1	1
76	25	10	130	1	1
76	25	4	76	1	1
76	25	7	109	1	1
76	25	11	127	1	1
76	25	3	126	1	1
76	25	0	109	1	1
77	24	8	139	1	1
77	24	9	128	1	1
77	24	2	111	1	1
77	24	5	128	1	1
77	24	10	131	1	1
77	24	4	77	1	1
77	24	7	110	1	1
77	24	11	128	1	1
77	24	3	127	1	1
77	24	0	110	1	1
77	24	1	388	1	1
77	25	3	127	1	1
77	25	0	110	1	1
77	25	1	388	1	1
77	25	8	139	1	1
77	25	9	128	1	1
77	25	2	111	1	1
77	25	5	128	1	1
77	25	10	131	1	1
77	25	4	77	1	1
77	25	7	110	1	1
77	25	11	128	1	1
78	24	7	111	0	1
78	24	11	129	0	1
78	24	3	128	0	1
78	24	0	111	0	1
78	24	1	389	0	1
78	24	8	140	0	1
78	24	9	129	0	1
78	24	2	112	0	1
78	24	5	129	0	1
78	24	10	132	0	1
78	24	4	78	0	1
78	25	9	129	0	1
78	25	2	112	0	1
78	25	5	129	0	1
78	25	10	132	0	1
78	25	4	78	0	1
78	25	7	111	0	1
78	25	11	129	0	1
78	25	3	128	0	1
78	25	0	111	0	1
78	25	1	389	0	1
78	25	8	140	0	1
79	24	9	130	0	1
79	24	2	113	0	1
79	24	5	130	0	1
79	24	10	133	0	1
79	24	4	79	0	1
79	24	7	112	0	1
79	24	11	130	0	1
79	24	3	129	0	1
79	24	0	112	0	1
79	24	1	390	0	1
79	24	8	141	0	1
80	23	9	131	0	1
80	23	2	114	0	1
80	23	5	131	0	1
80	23	10	134	0	1
80	23	4	80	0	1
80	23	7	113	0	1
80	23	11	131	0	1
80	23	3	130	0	1
80	23	0	113	0	1
80	23	1	391	0	1
80	23	8	142	0	1
80	24	9	131	0	1
80	24	2	114	0	1
80	24	5	131	0	1
80	24	10	134	0	1
80	24	4	80	0	1
80	24	7	113	0	1
80	24	11	131	0	1
80	24	3	130	0	1
80	24	0	113	0	1
80	24	1	391	0	1
80	24	8	142	0	1
81	23	7	114	0	1
81	23	11	132	0	1
81	23	3	131	0	1
81	23	0	114	0	1
81	23	1	392	0	1
81	23	8	143	0	1
81	23	9	132	0	1
81	23	2	115	0	1
81	23	5	132	0	1
81	23	10	135	0	1
81	23	4	81	0	1
82	22	3	132	0	1
82	22	0	115	0	1
82	22	1	393	0	1
82	22	8	144	0	1
82	22	9	133	0	1
82	22	2	116	0	1
82	22	5	133	0	1
82	22	10	136	0	1
82	22	4	82	0	1
82	22	7	115	0	1
82	22	11	133	0	1
82	23	5	133	0	1
82	23	10	136	0	1
82	23	4	82	0	1
82	23	7	115	0	1
82	23	11	133	0	1
82	23	3	132	0	1
82	23	0	115	0	1
82	23	1	393	0	1
82	23	8	144	0	1
82	23	9	133	0	1
82	23	2	116	0	1
83	22	10	137	0	1
83	22	4	83	0	1
83	22	7	116	0	1
83	22	11	134	0	1
83	22	3	133	0	1
83	22	0	116	0	1
83	22	1	394	0	1
83	22	8	145	0	1
83	22	9	134	0	1
83	22	2	117	0	1
83	22	5	134	0	1
84	21	1	395	1	1
84	21	8	146	1	1
84	21	9	135	1	1
84	21	2	118	1	1
84	21	5	135	1	1
84	21	10	138	1	1
84	21	4	84	1	1
84	21	7	117	1	1
84	21	11	135	1	1
84	21	3	134	1	1
84	21	0	117	1	1
85	20	0	118	1	1
85	20	1	396	1	1
85	20	8	147	1	1
85	20	9	136	1	1
85	20	2	119	1	1
85	20	5	136	1	1
85	20	10	139	1	1
85	20	4	85	1	1
85	20	7	118	1	1
85	20	11	136	1	1
85	20	3	135	1	1
85	21	5	136	1	1
85	21	10	139	1	1
85	21	4	85	1	1
85	21	7	118	1	1
85	21	11	136	1	1
85	21	3	135	1	1
85	21	0	118	1	1
85	21	1	396	1	1
85	21	8	147	1	1
85	21	9	136	1	1
85	21	2	119	1	1
85	22	5	136	1	1
85	22	10	139	1	1
85	22	4	85	1	1
85	22	7	118	1	1
85	22	11	136	1	1
85	22	3	135	1	1
85	22	0	118	1	1
85	22	1	396	1	1
85	22	8	147	1	1
85	22	9	136	1	1
85	22	2	119	1	1
86	20	0	119	1	1
86	20	1	397	1	1
86	20	8	148	1	1
86	20	9	137	1	1
86	20	2	120	1	1
86	20	5	137	1	1
86	20	10	140	1	1
86	20	4	86	1	1
86	20	7	119	1	1
86	20	11	137	1	1
86	20	3	136	1	1
86	21	8	148	1	1
86	21	9	137	1	1
86	21	2	120	1	1
86	21	5	137	1	1
86	21	10	140	1	1
86	21	4	86	1	1
86	21	7	119	1	1
86	21	11	137	1	1
86	21	3	136	1	1
86	21	0	119	1	1
86	21	1	397	1	1
87	20	0	120	1	1
87	20	1	398	1	1
87	20	8	149	1	1
87	20	9	138	1	1
87	20	2	121	1	1
87	20	5	138	1	1
87	20	10	141	1	1
87	20	4	87	1	1
87	20	7	120	1	1
87	20	11	138	1	1
87	20	3	137	1	1
87	22	5	138	1	1
87	22	10	141	1	1
87	22	4	87	1	1
87	22	7	120	1	1
87	22	11	138	1	1
87	22	3	137	1	1
87	22	0	120	1	1
87	22	1	398	1	1
87	22	8	149	1	1
87	22	9	138	1	1
87	22	2	121	1	1
88	20	5	139	1	1
88	20	10	142	1	1
88	20	4	88	1	1
88	20	7	121	1	1
88	20	11	139	1	1
88	20	3	138	1	1
88	20	0	121	1	1
88	20	1	399	1	1
88	20	8	150	1	1
88	20	9	139	1	1
88	20	2	122	1	1
88	21	1	399	1	1
88	21	8	150	1	1
88	21	9	139	1	1
88	21	2	122	1	1
88	21	5	139	1	1
88	21	10	142	1	1
88	21	4	88	1	1
88	21	7	121	1	1
88	21	11	139	1	1
88	21	3	138	1	1
88	21	0	121	1	1
88	22	3	138	1	1
88	22	0	121	1	1
88	22	1	399	1	1
88	22	8	150	1	1
88	22	9	139	1	1
88	22	2	122	1	1
88	22	5	139	1	1
88	22	10	142	1	1
88	22	4	88	1	1
88	22	7	121	1	1
88	22	11	139	1	1
89	21	0	122	1	1
89	21	1	400	1	1
89	21	8	151	1	1
89	21	9	140	1	1
89	21	2	123	1	1
89	21	5	140	1	1
89	21	10	143	1	1
89	21	4	89	1	1
89	21	7	122	1	1
89	21	11	140	1	1
89	21	3	139	1	1
89	22	11	140	1	0
89	22	3	139	1	0
89	22	0	122	1	0
89	22	1	400	1	0
89	22	8	151	1	0
89	22	9	140	1	0
89	22	2	123	1	0
89	22	5	140	1	0
89	22	10	143	1	0
89	22	4	89	1	0
89	22	7	122	1	0
89	23	4	89	1	0
89	23	7	122	1	0
89	23	11	140	1	0
89	23	3	139	1	0
89	23	0	122	1	0
89	23	1	400	1	0
89	23	8	151	1	0
89	23	9	140	1	0
89	23	2	123	1	0
89	23	5	140	1	0
89	23	10	143	1	0
89	24	1	400	1	0
89	24	8	151	1	0
89	24	9	140	1	0
89	24	2	123	1	0
89	24	5	140	1	0
89	24	10	143	1	0
89	24	4	89	1	0
89	24	7	122	1	0
89	24	11	140	1	0
89	24	3	139	1	0
89	24	0	122	1	0
90	21	3	140	1	0
90	21	0	123	1	0
90	21	1	401	1	0
90	21	8	152	1	0
90	21	9	141	1	0
90	21	2	124	1	0
90	21	5	141	1	0
90	21	10	144	1	0
90	21	4	90	1	0
90	21	7	123	1	0
90	21	11	141	1	0
90	22	1	401	1	0
90	22	8	152	1	0
90	22	9	141	1	0
90	22	2	124	1	0
90	22	5	141	1	0
90	22	10	144	1	0
90	22	4	90	1	0
90	22	7	123	1	0
90	22	11	141	1	0
90	22	3	140	1	0
90	22	0	123	1	0
90	23	3	140	1	0
90	23	0	123	1	0
90	23	1	401	1	0
90	23	8	152	1	0
90	23	9	141	1	0
90	23	2	124	1	0
90	23	5	141	1	0
90	23	10	144	1	0
90	23	4	90	1	0
90	23	7	123	1	0
90	23	11	141	1	0
90	24	9	141	1	0
90	24	2	124	1	0
90	24	5	141	1	0
90	24	10	144	1	0
90	24	4	90	1	0
90	24	7	123	1	0
90	24	11	141	1	0
90	24	3	140	1	0
90	24	0	123	1	0
90	24	1	401	1	0
90	24	8	152	1	0
136	25	0	169	0	1
136	25	1	447	0	1
136	25	8	198	0	1
136	25	9	187	0	1
136	25	2	170	0	1
136	25	5	187	0	1
136	25	10	190	0	1
136	25	4	136	0	1
136	25	6	167	0	1
136	25	7	169	0	1
136	25	11	187	0	1
136	25	3	186	0	1
143	25	1	454	1	0
143	25	8	205	1	0
143	25	9	194	1	0
143	25	2	177	1	0
143	25	5	194	1	0
143	25	10	197	1	0
143	25	4	143	1	0
143	25	6	174	1	0
143	25	7	176	1	0
143	25	11	194	1	0
143	25	3	193	1	0
143	25	0	176	1	0
145	25	6	176	1	0
145	25	7	178	1	0
145	25	11	196	1	0
145	25	3	195	1	0
145	25	0	178	1	0
145	25	1	456	1	0
145	25	8	207	1	0
145	25	9	196	1	0
145	25	2	179	1	0
145	25	5	196	1	0
145	25	10	199	1	0
145	25	4	145	1	0
177	25	7	210	0	1
177	25	11	228	0	1
177	25	3	227	0	1
177	25	0	210	0	1
177	25	1	488	0	1
177	25	8	239	0	1
177	25	9	228	0	1
177	25	2	211	0	1
177	25	5	228	0	1
177	25	10	231	0	1
177	25	4	177	0	1
177	25	6	207	0	1
178	24	7	211	0	1
178	24	11	229	0	1
178	24	3	228	0	1
178	24	0	211	0	1
178	24	1	489	0	1
178	24	8	240	0	1
178	24	9	229	0	1
178	24	2	212	0	1
178	24	5	229	0	1
178	24	10	232	0	1
178	24	4	178	0	1
178	24	6	208	0	1
179	23	7	212	1	1
179	23	11	230	1	1
179	23	3	229	1	1
179	23	0	212	1	1
179	23	1	490	1	1
179	23	8	241	1	1
179	23	9	230	1	1
179	23	2	213	1	1
179	23	5	230	1	1
179	23	10	233	1	1
179	23	4	179	1	1
179	23	6	209	1	1
180	23	7	213	1	1
180	23	11	231	1	1
180	23	3	230	1	1
180	23	0	213	1	1
180	23	1	491	1	1
180	23	8	242	1	1
180	23	9	231	1	1
180	23	2	214	1	1
180	23	5	231	1	1
180	23	10	234	1	1
180	23	4	180	1	1
180	23	6	210	1	1
181	22	7	214	0	1
181	22	11	232	0	1
181	22	3	231	0	1
181	22	0	214	0	1
181	22	1	492	0	1
181	22	8	243	0	1
181	22	9	232	0	1
181	22	2	215	0	1
181	22	5	232	0	1
181	22	10	235	0	1
181	22	4	181	0	1
181	22	6	211	0	1
181	23	6	211	0	1
181	23	7	214	0	1
181	23	11	232	0	1
181	23	3	231	0	1
181	23	0	214	0	1
181	23	1	492	0	1
181	23	8	243	0	1
181	23	9	232	0	1
181	23	2	215	0	1
181	23	5	232	0	1
181	23	10	235	0	1
181	23	4	181	0	1
182	21	7	215	1	1
182	21	11	233	1	1
182	21	3	232	1	1
182	21	0	215	1	1
182	21	1	493	1	1
182	21	8	244	1	1
182	21	9	233	1	1
182	21	2	216	1	1
182	21	5	233	1	1
182	21	10	236	1	1
182	21	4	182	1	1
182	21	6	212	1	1
182	22	7	215	1	1
182	22	11	233	1	1
182	22	3	232	1	1
182	22	0	215	1	1
182	22	1	493	1	1
182	22	8	244	1	1
182	22	9	233	1	1
182	22	2	216	1	1
182	22	5	233	1	1
182	22	10	236	1	1
182	22	4	182	1	1
182	22	6	212	1	1
182	23	7	215	1	1
182	23	11	233	1	1
182	23	3	232	1	1
182	23	0	215	1	1
182	23	1	493	1	1
182	23	8	244	1	1
182	23	9	233	1	1
182	23	2	216	1	1
182	23	5	233	1	1
182	23	10	236	1	1
182	23	4	182	1	1
182	23	6	212	1	1
183	21	7	216	1	1
183	21	11	234	1	1
183	21	3	233	1	1
183	21	0	216	1	1
183	21	1	494	1	1
183	21	8	245	1	1
183	21	9	234	1	1
183	21	2	217	1	1
183	21	5	234	1	1
183	21	10	237	1	1
183	21	4	183	1	1
183	21	6	213	1	1
183	22	11	234	1	1
183	22	3	233	1	1
183	22	0	216	1	1
183	22	1	494	1	1
183	22	8	245	1	1
183	22	9	234	1	1
183	22	2	217	1	1
183	22	5	234	1	1
183	22	10	237	1	1
183	22	4	183	1	1
183	22	6	213	1	1
183	22	7	216	1	1
184	21	7	217	1	1
184	21	11	235	1	1
184	21	3	234	1	1
184	21	0	217	1	1
184	21	1	495	1	1
184	21	8	246	1	1
184	21	9	235	1	1
184	21	2	218	1	1
184	21	5	235	1	1
184	21	10	238	1	1
184	21	4	184	1	1
184	21	6	214	1	1
184	22	7	217	1	1
184	22	11	235	1	1
184	22	3	234	1	1
184	22	0	217	1	1
184	22	1	495	1	1
184	22	8	246	1	1
184	22	9	235	1	1
184	22	2	218	1	1
184	22	5	235	1	1
184	22	10	238	1	1
184	22	4	184	1	1
184	22	6	214	1	1
184	23	7	217	1	1
184	23	11	235	1	1
184	23	3	234	1	1
184	23	0	217	1	1
184	23	1	495	1	1
184	23	8	246	1	1
184	23	9	235	1	1
184	23	2	218	1	1
184	23	5	235	1	1
184	23	10	238	1	1
184	23	4	184	1	1
184	23	6	214	1	1
184	24	7	217	1	0
184	24	11	235	1	0
184	24	3	234	1	0
184	24	0	217	1	0
184	24	1	495	1	0
184	24	8	246	1	0
184	24	9	235	1	0
184	24	2	218	1	0
184	24	5	235	1	0
184	24	10	238	1	0
184	24	4	184	1	0
184	24	6	214	1	0
185	21	7	218	1	1
185	21	11	236	1	1
185	21	3	235	1	1
185	21	0	218	1	1
185	21	1	496	1	1
185	21	8	247	1	1
185	21	9	236	1	1
185	21	2	219	1	1
185	21	5	236	1	1
185	21	10	239	1	1
185	21	4	185	1	1
185	21	6	215	1	1
185	22	7	218	1	1
185	22	11	236	1	1
185	22	3	235	1	1
185	22	0	218	1	1
185	22	1	496	1	1
185	22	8	247	1	1
185	22	9	236	1	1
185	22	2	219	1	1
185	22	5	236	1	1
185	22	10	239	1	1
185	22	4	185	1	1
185	22	6	215	1	1
185	23	7	218	1	0
185	23	11	236	1	0
185	23	3	235	1	0
185	23	0	218	1	0
185	23	1	496	1	0
185	23	8	247	1	0
185	23	9	236	1	0
185	23	2	219	1	0
185	23	5	236	1	0
185	23	10	239	1	0
185	23	4	185	1	0
185	23	6	215	1	0
186	20	7	219	1	1
186	20	11	237	1	1
186	20	3	236	1	1
186	20	0	219	1	1
186	20	1	497	1	1
186	20	8	248	1	1
186	20	9	237	1	1
186	20	2	220	1	1
186	20	5	237	1	1
186	20	10	240	1	1
186	20	4	186	1	1
186	20	6	216	1	1
186	21	7	219	1	1
186	21	11	237	1	1
186	21	3	236	1	1
186	21	0	219	1	1
186	21	1	497	1	1
186	21	8	248	1	1
186	21	9	237	1	1
186	21	2	220	1	1
186	21	5	237	1	1
186	21	10	240	1	1
186	21	4	186	1	1
186	21	6	216	1	1
186	22	7	219	1	0
186	22	11	237	1	0
186	22	3	236	1	0
186	22	0	219	1	0
186	22	1	497	1	0
186	22	8	248	1	0
186	22	9	237	1	0
186	22	2	220	1	0
186	22	5	237	1	0
186	22	10	240	1	0
186	22	4	186	1	0
186	22	6	216	1	0
187	22	7	220	1	1
187	22	11	238	1	1
187	22	3	237	1	1
187	22	0	220	1	1
187	22	1	498	1	1
187	22	8	249	1	1
187	22	9	238	1	1
187	22	2	221	1	1
187	22	5	238	1	1
187	22	10	241	1	1
187	22	4	187	1	1
187	22	6	217	1	1
188	21	7	221	1	1
188	21	11	239	1	1
188	21	3	238	1	1
188	21	0	221	1	1
188	21	1	499	1	1
188	21	8	250	1	1
188	21	9	239	1	1
188	21	2	222	1	1
188	21	5	239	1	1
188	21	10	242	1	1
188	21	4	188	1	1
188	21	6	218	1	1
188	22	7	221	1	1
188	22	11	239	1	1
188	22	3	238	1	1
188	22	0	221	1	1
188	22	1	499	1	1
188	22	8	250	1	1
188	22	9	239	1	1
188	22	2	222	1	1
188	22	5	239	1	1
188	22	10	242	1	1
188	22	4	188	1	1
188	22	6	218	1	1
189	20	7	222	1	1
189	20	11	240	1	1
189	20	3	239	1	1
189	20	0	222	1	1
189	20	1	500	1	1
189	20	8	251	1	1
189	20	9	240	1	1
189	20	2	223	1	1
189	20	5	240	1	1
189	20	10	243	1	1
189	20	4	189	1	1
189	20	6	219	1	1
189	21	7	222	1	1
189	21	11	240	1	1
189	21	3	239	1	1
189	21	0	222	1	1
189	21	1	500	1	1
189	21	8	251	1	1
189	21	9	240	1	1
189	21	2	223	1	1
189	21	5	240	1	1
189	21	10	243	1	1
189	21	4	189	1	1
189	21	6	219	1	1
189	22	7	222	1	1
189	22	11	240	1	1
189	22	3	239	1	1
189	22	0	222	1	1
189	22	1	500	1	1
189	22	8	251	1	1
189	22	9	240	1	1
189	22	2	223	1	1
189	22	5	240	1	1
189	22	10	243	1	1
189	22	4	189	1	1
189	22	6	219	1	1
190	20	7	223	1	1
190	20	11	241	1	1
190	20	3	240	1	1
190	20	0	223	1	1
190	20	1	501	1	1
190	20	8	252	1	1
190	20	9	241	1	1
190	20	2	224	1	1
190	20	5	241	1	1
190	20	10	244	1	1
190	20	4	190	1	1
190	20	6	220	1	1
190	21	7	223	1	1
190	21	11	241	1	1
190	21	3	240	1	1
190	21	0	223	1	1
190	21	1	501	1	1
190	21	8	252	1	1
190	21	9	241	1	1
190	21	2	224	1	1
190	21	5	241	1	1
190	21	10	244	1	1
190	21	4	190	1	1
190	21	6	220	1	1
190	22	7	223	1	1
190	22	11	241	1	1
190	22	3	240	1	1
190	22	0	223	1	1
190	22	1	501	1	1
190	22	8	252	1	1
190	22	9	241	1	1
190	22	2	224	1	1
190	22	5	241	1	1
190	22	10	244	1	1
190	22	4	190	1	1
190	22	6	220	1	1
191	22	7	224	1	1
191	22	11	242	1	1
191	22	3	241	1	1
191	22	0	224	1	1
191	22	1	502	1	1
191	22	8	253	1	1
191	22	9	242	1	1
191	22	2	225	1	1
191	22	5	242	1	1
191	22	10	245	1	1
191	22	4	191	1	1
191	22	6	221	1	1
192	22	7	225	1	1
192	22	11	243	1	1
192	22	3	242	1	1
192	22	0	225	1	1
192	22	1	503	1	1
192	22	8	254	1	1
192	22	9	243	1	1
192	22	2	226	1	1
192	22	5	243	1	1
192	22	10	246	1	1
192	22	4	192	1	1
192	22	6	222	1	1
192	23	7	225	0	1
192	23	11	243	0	1
192	23	3	242	0	1
192	23	0	225	0	1
192	23	1	503	0	1
192	23	8	254	0	1
192	23	9	243	0	1
192	23	2	226	0	1
192	23	5	243	0	1
192	23	10	246	0	1
192	23	4	192	0	1
192	23	6	222	0	1
192	24	7	225	1	1
192	24	11	243	1	1
192	24	3	242	1	1
192	24	0	225	1	1
192	24	1	503	1	1
192	24	8	254	1	1
192	24	9	243	1	1
192	24	2	226	1	1
192	24	5	243	1	1
192	24	10	246	1	1
192	24	4	192	1	1
192	24	6	222	1	1
193	21	7	226	0	1
193	21	11	244	0	1
193	21	3	243	0	1
193	21	0	226	0	1
193	21	1	504	0	1
193	21	8	255	0	1
193	21	9	244	0	1
193	21	2	227	0	1
193	21	5	244	0	1
193	21	10	247	0	1
193	21	4	193	0	1
193	21	6	223	0	1
193	22	7	226	0	1
193	22	11	244	0	1
193	22	3	243	0	1
193	22	0	226	0	1
193	22	1	504	0	1
193	22	8	255	0	1
193	22	9	244	0	1
193	22	2	227	0	1
193	22	5	244	0	1
193	22	10	247	0	1
193	22	4	193	0	1
193	22	6	223	0	1
193	23	7	226	0	1
193	23	11	244	0	1
193	23	3	243	0	1
193	23	0	226	0	1
193	23	1	504	0	1
193	23	8	255	0	1
193	23	9	244	0	1
193	23	2	227	0	1
193	23	5	244	0	1
193	23	10	247	0	1
193	23	4	193	0	1
193	23	6	223	0	1
194	21	7	227	0	1
194	21	11	245	0	1
194	21	3	244	0	1
194	21	0	227	0	1
194	21	1	505	0	1
194	21	8	256	0	1
194	21	9	245	0	1
194	21	2	228	0	1
194	21	5	245	0	1
194	21	10	248	0	1
194	21	4	194	0	1
194	21	6	224	0	1
194	22	7	227	1	1
194	22	11	245	1	1
194	22	3	244	1	1
194	22	0	227	1	1
194	22	1	505	1	1
194	22	8	256	1	1
194	22	9	245	1	1
194	22	2	228	1	1
194	22	5	245	1	1
194	22	10	248	1	1
194	22	4	194	1	1
194	22	6	224	1	1
194	23	7	227	1	1
194	23	11	245	1	1
194	23	3	244	1	1
194	23	0	227	1	1
194	23	1	505	1	1
194	23	8	256	1	1
194	23	9	245	1	1
194	23	2	228	1	1
194	23	5	245	1	1
194	23	10	248	1	1
194	23	4	194	1	1
194	23	6	224	1	1
195	22	7	228	1	1
195	22	11	246	1	1
195	22	3	245	1	1
195	22	0	228	1	1
195	22	1	506	1	1
195	22	8	257	1	1
195	22	9	246	1	1
195	22	2	229	1	1
195	22	5	246	1	1
195	22	10	249	1	1
195	22	4	195	1	1
195	22	6	225	1	1
195	23	7	228	1	0
195	23	11	246	1	0
195	23	3	245	1	0
195	23	0	228	1	0
195	23	1	506	1	0
195	23	8	257	1	0
195	23	9	246	1	0
195	23	2	229	1	0
195	23	5	246	1	0
195	23	10	249	1	0
195	23	4	195	1	0
195	23	6	225	1	0
195	24	7	228	1	0
195	24	11	246	1	0
195	24	3	245	1	0
195	24	0	228	1	0
195	24	1	506	1	0
195	24	8	257	1	0
195	24	9	246	1	0
195	24	2	229	1	0
195	24	5	246	1	0
195	24	10	249	1	0
195	24	4	195	1	0
195	24	6	225	1	0
196	21	7	229	1	1
196	21	11	247	1	1
196	21	3	246	1	1
196	21	0	229	1	1
196	21	1	507	1	1
196	21	8	258	1	1
196	21	9	247	1	1
196	21	2	230	1	1
196	21	5	247	1	1
196	21	10	250	1	1
196	21	4	196	1	1
196	21	6	226	1	1
196	22	7	229	1	0
196	22	11	247	1	0
196	22	3	246	1	0
196	22	0	229	1	0
196	22	1	507	1	0
196	22	8	258	1	0
196	22	9	247	1	0
196	22	2	230	1	0
196	22	5	247	1	0
196	22	10	250	1	0
196	22	4	196	1	0
196	22	6	226	1	0
196	23	7	229	1	0
196	23	11	247	1	0
196	23	3	246	1	0
196	23	0	229	1	0
196	23	1	507	1	0
196	23	8	258	1	0
196	23	9	247	1	0
196	23	2	230	1	0
196	23	5	247	1	0
196	23	10	250	1	0
196	23	4	196	1	0
196	23	6	226	1	0
197	22	7	230	1	0
197	22	11	248	1	0
197	22	3	247	1	0
197	22	0	230	1	0
197	22	1	508	1	0
197	22	8	259	1	0
197	22	9	248	1	0
197	22	2	231	1	0
197	22	5	248	1	0
197	22	10	251	1	0
197	22	4	197	1	0
197	22	6	227	1	0
197	23	7	230	1	1
197	23	11	248	1	1
197	23	3	247	1	1
197	23	0	230	1	1
197	23	1	508	1	1
197	23	8	259	1	1
197	23	9	248	1	1
197	23	2	231	1	1
197	23	5	248	1	1
197	23	10	251	1	1
197	23	4	197	1	1
197	23	6	227	1	1
197	24	7	230	1	0
197	24	11	248	1	0
197	24	3	247	1	0
197	24	0	230	1	0
197	24	1	508	1	0
197	24	8	259	1	0
197	24	9	248	1	0
197	24	2	231	1	0
197	24	5	248	1	0
197	24	10	251	1	0
197	24	4	197	1	0
197	24	6	227	1	0
198	22	7	231	1	1
198	22	11	249	1	1
198	22	3	248	1	1
198	22	0	231	1	1
198	22	1	509	1	1
198	22	8	260	1	1
198	22	9	249	1	1
198	22	2	232	1	1
198	22	5	249	1	1
198	22	10	252	1	1
198	22	4	198	1	1
198	22	6	228	1	1
198	23	7	231	1	0
198	23	11	249	1	0
198	23	3	248	1	0
198	23	0	231	1	0
198	23	1	509	1	0
198	23	8	260	1	0
198	23	9	249	1	0
198	23	2	232	1	0
198	23	5	249	1	0
198	23	10	252	1	0
198	23	4	198	1	0
198	23	6	228	1	0
198	24	7	231	1	1
198	24	11	249	1	1
198	24	3	248	1	1
198	24	0	231	1	1
198	24	1	509	1	1
198	24	8	260	1	1
198	24	9	249	1	1
198	24	2	232	1	1
198	24	5	249	1	1
198	24	10	252	1	1
198	24	4	198	1	1
198	24	6	228	1	1
199	21	7	232	1	1
199	21	11	250	1	1
199	21	3	249	1	1
199	21	0	232	1	1
199	21	1	510	1	1
199	21	8	261	1	1
199	21	9	250	1	1
199	21	2	233	1	1
199	21	5	250	1	1
199	21	10	253	1	1
199	21	4	199	1	1
199	21	6	229	1	1
199	22	7	232	1	0
199	22	11	250	1	0
199	22	3	249	1	0
199	22	0	232	1	0
199	22	1	510	1	0
199	22	8	261	1	0
199	22	9	250	1	0
199	22	2	233	1	0
199	22	5	250	1	0
199	22	10	253	1	0
199	22	4	199	1	0
199	22	6	229	1	0
199	23	6	229	1	1
199	23	7	232	1	1
199	23	11	250	1	1
199	23	3	249	1	1
199	23	0	232	1	1
199	23	1	510	1	1
199	23	8	261	1	1
199	23	9	250	1	1
199	23	2	233	1	1
199	23	5	250	1	1
199	23	10	253	1	1
199	23	4	199	1	1
200	22	7	233	1	1
200	22	11	251	1	1
200	22	3	250	1	1
200	22	0	233	1	1
200	22	1	511	1	1
200	22	8	262	1	1
200	22	9	251	1	1
200	22	2	234	1	1
200	22	5	251	1	1
200	22	10	254	1	1
200	22	4	200	1	1
200	22	6	230	1	1
201	22	7	234	1	1
201	22	11	252	1	1
201	22	3	251	1	1
201	22	0	234	1	1
201	22	1	512	1	1
201	22	8	263	1	1
201	22	9	252	1	1
201	22	2	235	1	1
201	22	5	252	1	1
201	22	10	255	1	1
201	22	4	201	1	1
201	22	6	231	1	1
202	22	7	235	0	1
202	22	11	253	0	1
202	22	3	252	0	1
202	22	0	235	0	1
202	22	1	513	0	1
202	22	8	264	0	1
202	22	9	253	0	1
202	22	2	236	0	1
202	22	5	253	0	1
202	22	10	256	0	1
202	22	4	202	0	1
202	22	6	232	0	1
202	23	7	235	0	1
202	23	11	253	0	1
202	23	3	252	0	1
202	23	0	235	0	1
202	23	1	513	0	1
202	23	8	264	0	1
202	23	9	253	0	1
202	23	2	236	0	1
202	23	5	253	0	1
202	23	10	256	0	1
202	23	4	202	0	1
202	23	6	232	0	1
203	22	7	236	1	1
203	22	11	254	1	1
203	22	3	253	1	1
203	22	0	236	1	1
203	22	1	514	1	1
203	22	8	265	1	1
203	22	9	254	1	1
203	22	2	237	1	1
203	22	5	254	1	1
203	22	10	257	1	1
203	22	4	203	1	1
203	22	6	233	1	1
203	23	7	236	1	1
203	23	11	254	1	1
203	23	3	253	1	1
203	23	0	236	1	1
203	23	1	514	1	1
203	23	8	265	1	1
203	23	9	254	1	1
203	23	2	237	1	1
203	23	5	254	1	1
203	23	10	257	1	1
203	23	4	203	1	1
203	23	6	233	1	1
204	21	7	237	1	1
204	21	11	255	1	1
204	21	3	254	1	1
204	21	0	237	1	1
204	21	1	515	1	1
204	21	8	266	1	1
204	21	9	255	1	1
204	21	2	238	1	1
204	21	5	255	1	1
204	21	10	258	1	1
204	21	4	204	1	1
204	21	6	234	1	1
204	22	7	237	1	1
204	22	11	255	1	1
204	22	3	254	1	1
204	22	0	237	1	1
204	22	1	515	1	1
204	22	8	266	1	1
204	22	9	255	1	1
204	22	2	238	1	1
204	22	5	255	1	1
204	22	10	258	1	1
204	22	4	204	1	1
204	22	6	234	1	1
205	21	7	238	1	1
205	21	11	256	1	1
205	21	3	255	1	1
205	21	0	238	1	1
205	21	1	516	1	1
205	21	8	267	1	1
205	21	9	256	1	1
205	21	2	239	1	1
205	21	5	256	1	1
205	21	10	259	1	1
205	21	4	205	1	1
205	21	6	235	1	1
205	22	7	238	1	1
205	22	11	256	1	1
205	22	3	255	1	1
205	22	0	238	1	1
205	22	1	516	1	1
205	22	8	267	1	1
205	22	9	256	1	1
205	22	2	239	1	1
205	22	5	256	1	1
205	22	10	259	1	1
205	22	4	205	1	1
205	22	6	235	1	1
206	20	2	240	1	1
206	20	5	257	1	1
206	20	10	260	1	1
206	20	4	206	1	1
206	20	6	236	1	1
206	20	7	239	1	1
206	20	11	257	1	1
206	20	3	256	1	1
206	20	0	239	1	1
206	20	1	517	1	1
206	20	8	268	1	1
206	20	9	257	1	1
206	22	7	239	1	1
206	22	11	257	1	1
206	22	3	256	1	1
206	22	0	239	1	1
206	22	1	517	1	1
206	22	8	268	1	1
206	22	9	257	1	1
206	22	2	240	1	1
206	22	5	257	1	1
206	22	10	260	1	1
206	22	4	206	1	1
206	22	6	236	1	1
207	20	7	240	1	1
207	20	11	258	1	1
207	20	3	257	1	1
207	20	0	240	1	1
207	20	1	518	1	1
207	20	8	269	1	1
207	20	9	258	1	1
207	20	2	241	1	1
207	20	5	258	1	1
207	20	10	261	1	1
207	20	4	207	1	1
207	20	6	237	1	1
207	21	7	240	1	1
207	21	11	258	1	1
207	21	3	257	1	1
207	21	0	240	1	1
207	21	1	518	1	1
207	21	8	269	1	1
207	21	9	258	1	1
207	21	2	241	1	1
207	21	5	258	1	1
207	21	10	261	1	1
207	21	4	207	1	1
207	21	6	237	1	1
207	22	7	240	1	1
207	22	11	258	1	1
207	22	3	257	1	1
207	22	0	240	1	1
207	22	1	518	1	1
207	22	8	269	1	1
207	22	9	258	1	1
207	22	2	241	1	1
207	22	5	258	1	1
207	22	10	261	1	1
207	22	4	207	1	1
207	22	6	237	1	1
208	20	7	241	1	1
208	20	11	259	1	1
208	20	3	258	1	1
208	20	0	241	1	1
208	20	1	519	1	1
208	20	8	270	1	1
208	20	9	259	1	1
208	20	2	242	1	1
208	20	5	259	1	1
208	20	10	262	1	1
208	20	4	208	1	1
208	20	6	238	1	1
208	21	7	241	0	1
208	21	11	259	0	1
208	21	3	258	0	1
208	21	0	241	0	1
208	21	1	519	0	1
208	21	8	270	0	1
208	21	9	259	0	1
208	21	2	242	0	1
208	21	5	259	0	1
208	21	10	262	0	1
208	21	4	208	0	1
208	21	6	238	0	1
210	20	2	244	1	1
210	20	5	261	1	1
210	20	10	264	1	1
210	20	4	210	1	1
210	20	6	240	1	1
210	20	7	243	1	1
210	20	11	261	1	1
210	20	3	260	1	1
210	20	0	243	1	1
210	20	1	521	1	1
210	20	8	272	1	1
210	20	9	261	1	1
210	21	7	243	1	1
210	21	11	261	1	1
210	21	3	260	1	1
210	21	0	243	1	1
210	21	1	521	1	1
210	21	8	272	1	1
210	21	9	261	1	1
210	21	2	244	1	1
210	21	5	261	1	1
210	21	10	264	1	1
210	21	4	210	1	1
210	21	6	240	1	1
210	22	7	243	1	1
210	22	11	261	1	1
210	22	3	260	1	1
210	22	0	243	1	1
210	22	1	521	1	1
210	22	8	272	1	1
210	22	9	261	1	1
210	22	2	244	1	1
210	22	5	261	1	1
210	22	10	264	1	1
210	22	4	210	1	1
210	22	6	240	1	1
211	20	6	241	1	1
211	20	7	244	1	1
211	20	11	262	1	1
211	20	3	261	1	1
211	20	0	244	1	1
211	20	1	522	1	1
211	20	8	273	1	1
211	20	9	262	1	1
211	20	2	245	1	1
211	20	5	262	1	1
211	20	10	265	1	1
211	20	4	211	1	1
211	21	7	244	1	1
211	21	11	262	1	1
211	21	3	261	1	1
211	21	0	244	1	1
211	21	1	522	1	1
211	21	8	273	1	1
211	21	9	262	1	1
211	21	2	245	1	1
211	21	5	262	1	1
211	21	10	265	1	1
211	21	4	211	1	1
211	21	6	241	1	1
211	22	7	244	1	0
211	22	11	262	1	0
211	22	3	261	1	0
211	22	0	244	1	0
211	22	1	522	1	0
211	22	8	273	1	0
211	22	9	262	1	0
211	22	2	245	1	0
211	22	5	262	1	0
211	22	10	265	1	0
211	22	4	211	1	0
211	22	6	241	1	0
212	22	7	245	0	1
212	22	11	263	0	1
212	22	3	262	0	1
212	22	0	245	0	1
212	22	1	523	0	1
212	22	8	274	0	1
212	22	9	263	0	1
212	22	2	246	0	1
212	22	5	263	0	1
212	22	10	266	0	1
212	22	4	212	0	1
212	22	6	242	0	1
213	21	7	246	0	1
213	21	11	264	0	1
213	21	3	263	0	1
213	21	0	246	0	1
213	21	1	524	0	1
213	21	8	275	0	1
213	21	9	264	0	1
213	21	2	247	0	1
213	21	5	264	0	1
213	21	10	267	0	1
213	21	4	213	0	1
213	21	6	243	0	1
214	20	7	247	1	1
214	20	11	265	1	1
214	20	3	264	1	1
214	20	0	247	1	1
214	20	1	525	1	1
214	20	8	276	1	1
214	20	9	265	1	1
214	20	2	248	1	1
214	20	5	265	1	1
214	20	10	268	1	1
214	20	4	214	1	1
214	20	6	244	1	1
223	24	7	256	0	1
223	24	11	274	0	1
223	24	3	273	0	1
223	24	0	256	0	1
223	24	1	534	0	1
223	24	8	285	0	1
223	24	9	274	0	1
223	24	2	257	0	1
223	24	5	274	0	1
223	24	10	277	0	1
223	24	4	223	0	1
223	24	6	253	0	1
223	25	7	256	0	1
223	25	11	274	0	1
223	25	3	273	0	1
223	25	0	256	0	1
223	25	1	534	0	1
223	25	8	285	0	1
223	25	9	274	0	1
223	25	2	257	0	1
223	25	5	274	0	1
223	25	10	277	0	1
223	25	4	223	0	1
223	25	6	253	0	1
224	24	7	257	0	1
224	24	11	275	0	1
224	24	3	274	0	1
224	24	0	257	0	1
224	24	1	535	0	1
224	24	8	286	0	1
224	24	9	275	0	1
224	24	2	258	0	1
224	24	5	275	0	1
224	24	10	278	0	1
224	24	4	224	0	1
224	24	6	254	0	1
224	25	7	257	0	1
224	25	11	275	0	1
224	25	3	274	0	1
224	25	0	257	0	1
224	25	1	535	0	1
224	25	8	286	0	1
224	25	9	275	0	1
224	25	2	258	0	1
224	25	5	275	0	1
224	25	10	278	0	1
224	25	4	224	0	1
224	25	6	254	0	1
225	24	7	258	1	1
225	24	11	276	1	1
225	24	3	275	1	1
225	24	0	258	1	1
225	24	1	536	1	1
225	24	8	287	1	1
225	24	9	276	1	1
225	24	2	259	1	1
225	24	5	276	1	1
225	24	10	279	1	1
225	24	4	225	1	1
225	24	6	255	1	1
225	25	7	258	1	1
225	25	11	276	1	1
225	25	3	275	1	1
225	25	0	258	1	1
225	25	1	536	1	1
225	25	8	287	1	1
225	25	9	276	1	1
225	25	2	259	1	1
225	25	5	276	1	1
225	25	10	279	1	1
225	25	4	225	1	1
225	25	6	255	1	1
230	25	7	263	1	1
230	25	11	281	1	1
230	25	3	280	1	1
230	25	0	263	1	1
230	25	1	541	1	1
230	25	8	292	1	1
230	25	9	281	1	1
230	25	2	264	1	1
230	25	5	281	1	1
230	25	10	284	1	1
230	25	4	230	1	1
230	25	6	260	1	1
231	25	7	264	1	1
231	25	11	282	1	1
231	25	3	281	1	1
231	25	0	264	1	1
231	25	1	542	1	1
231	25	8	293	1	1
231	25	9	282	1	1
231	25	2	265	1	1
231	25	5	282	1	1
231	25	10	285	1	1
231	25	4	231	1	1
231	25	6	261	1	1
232	25	7	265	1	1
232	25	11	283	1	1
232	25	3	282	1	1
232	25	0	265	1	1
232	25	1	543	1	1
232	25	8	294	1	1
232	25	9	283	1	1
232	25	2	266	1	1
232	25	5	283	1	1
232	25	10	286	1	1
232	25	4	232	1	1
232	25	6	262	1	1
247	25	7	280	1	1
247	25	11	298	1	1
247	25	3	297	1	1
247	25	0	280	1	1
247	25	1	558	1	1
247	25	8	309	1	1
247	25	9	298	1	1
247	25	2	281	1	1
247	25	5	298	1	1
247	25	10	301	1	1
247	25	4	247	1	1
247	25	6	277	1	1
248	25	7	281	1	1
248	25	11	299	1	1
248	25	3	298	1	1
248	25	0	281	1	1
248	25	1	559	1	1
248	25	8	310	1	1
248	25	9	299	1	1
248	25	2	282	1	1
248	25	5	299	1	1
248	25	10	302	1	1
248	25	4	248	1	1
248	25	6	278	1	1
249	24	7	282	1	1
249	24	11	300	1	1
249	24	3	299	1	1
249	24	0	282	1	1
249	24	1	560	1	1
249	24	8	311	1	1
249	24	9	300	1	1
249	24	2	283	1	1
249	24	5	300	1	1
249	24	10	303	1	1
249	24	4	249	1	1
249	24	6	279	1	1
249	25	7	282	1	1
249	25	11	300	1	1
249	25	3	299	1	1
249	25	0	282	1	1
249	25	1	560	1	1
249	25	8	311	1	1
249	25	9	300	1	1
249	25	2	283	1	1
249	25	5	300	1	1
249	25	10	303	1	1
249	25	4	249	1	1
249	25	6	279	1	1
250	23	7	283	1	1
250	23	11	301	1	1
250	23	3	300	1	1
250	23	0	283	1	1
250	23	1	561	1	1
250	23	8	312	1	1
250	23	9	301	1	1
250	23	2	284	1	1
250	23	5	301	1	1
250	23	10	304	1	1
250	23	4	250	1	1
250	23	6	280	1	1
250	24	7	283	1	1
250	24	11	301	1	1
250	24	3	300	1	1
250	24	0	283	1	1
250	24	1	561	1	1
250	24	8	312	1	1
250	24	9	301	1	1
250	24	2	284	1	1
250	24	5	301	1	1
250	24	10	304	1	1
250	24	4	250	1	1
250	24	6	280	1	1
250	25	7	283	1	0
250	25	11	301	1	0
250	25	3	300	1	0
250	25	0	283	1	0
250	25	1	561	1	0
250	25	8	312	1	0
250	25	9	301	1	0
250	25	2	284	1	0
250	25	5	301	1	0
250	25	10	304	1	0
250	25	4	250	1	0
250	25	6	280	1	0
251	25	7	284	1	1
251	25	11	302	1	1
251	25	3	301	1	1
251	25	0	284	1	1
251	25	1	562	1	1
251	25	8	313	1	1
251	25	9	302	1	1
251	25	2	285	1	1
251	25	5	302	1	1
251	25	10	305	1	1
251	25	4	251	1	1
251	25	6	281	1	1
259	25	7	292	1	1
259	25	11	310	1	1
259	25	3	309	1	1
259	25	0	292	1	1
259	25	1	570	1	1
259	25	8	321	1	1
259	25	9	310	1	1
259	25	2	293	1	1
259	25	5	310	1	1
259	25	10	313	1	1
259	25	4	259	1	1
259	25	6	289	1	1
260	25	7	293	1	1
260	25	11	311	1	1
260	25	3	310	1	1
260	25	0	293	1	1
260	25	1	571	1	1
260	25	8	322	1	1
260	25	9	311	1	1
260	25	2	294	1	1
260	25	5	311	1	1
260	25	10	314	1	1
260	25	4	260	1	1
260	25	6	290	1	1
261	24	7	294	1	1
261	24	11	312	1	1
261	24	3	311	1	1
261	24	0	294	1	1
261	24	1	572	1	1
261	24	8	323	1	1
261	24	9	312	1	1
261	24	2	295	1	1
261	24	5	312	1	1
261	24	10	315	1	1
261	24	4	261	1	1
261	24	6	291	1	1
261	25	7	294	1	1
261	25	11	312	1	1
261	25	3	311	1	1
261	25	0	294	1	1
261	25	1	572	1	1
261	25	8	323	1	1
261	25	9	312	1	1
261	25	2	295	1	1
261	25	5	312	1	1
261	25	10	315	1	1
261	25	4	261	1	1
261	25	6	291	1	1
262	24	7	295	0	1
262	24	11	313	0	1
262	24	3	312	0	1
262	24	0	295	0	1
262	24	1	573	0	1
262	24	8	324	0	1
262	24	9	313	0	1
262	24	2	296	0	1
262	24	5	313	0	1
262	24	10	316	0	1
262	24	4	262	0	1
262	24	6	292	0	1
262	25	7	295	0	1
262	25	11	313	0	1
262	25	3	312	0	1
262	25	0	295	0	1
262	25	1	573	0	1
262	25	8	324	0	1
262	25	9	313	0	1
262	25	2	296	0	1
262	25	5	313	0	1
262	25	10	316	0	1
262	25	4	262	0	1
262	25	6	292	0	1
263	24	7	296	0	1
263	24	11	314	0	1
263	24	3	313	0	1
263	24	0	296	0	1
263	24	1	574	0	1
263	24	8	325	0	1
263	24	9	314	0	1
263	24	2	297	0	1
263	24	5	314	0	1
263	24	10	317	0	1
263	24	4	263	0	1
263	24	6	293	0	1
263	25	7	296	0	1
263	25	11	314	0	1
263	25	3	313	0	1
263	25	0	296	0	1
263	25	1	574	0	1
263	25	8	325	0	1
263	25	9	314	0	1
263	25	2	297	0	1
263	25	5	314	0	1
263	25	10	317	0	1
263	25	4	263	0	1
263	25	6	293	0	1
264	24	7	297	0	1
264	24	11	315	0	1
264	24	3	314	0	1
264	24	0	297	0	1
264	24	1	575	0	1
264	24	8	326	0	1
264	24	9	315	0	1
264	24	2	298	0	1
264	24	5	315	0	1
264	24	10	318	0	1
264	24	4	264	0	1
264	24	6	294	0	1
264	25	7	297	0	1
264	25	11	315	0	1
264	25	3	314	0	1
264	25	0	297	0	1
264	25	1	575	0	1
264	25	8	326	0	1
264	25	9	315	0	1
264	25	2	298	0	1
264	25	5	315	0	1
264	25	10	318	0	1
264	25	4	264	0	1
264	25	6	294	0	1
265	23	7	298	0	1
265	23	11	316	0	1
265	23	3	315	0	1
265	23	0	298	0	1
265	23	1	576	0	1
265	23	8	327	0	1
265	23	9	316	0	1
265	23	2	299	0	1
265	23	5	316	0	1
265	23	10	319	0	1
265	23	4	265	0	1
265	23	6	295	0	1
265	24	7	298	0	1
265	24	11	316	0	1
265	24	3	315	0	1
265	24	0	298	0	1
265	24	1	576	0	1
265	24	8	327	0	1
265	24	9	316	0	1
265	24	2	299	0	1
265	24	5	316	0	1
265	24	10	319	0	1
265	24	4	265	0	1
265	24	6	295	0	1
265	25	7	298	0	1
265	25	11	316	0	1
265	25	3	315	0	1
265	25	0	298	0	1
265	25	1	576	0	1
265	25	8	327	0	1
265	25	9	316	0	1
265	25	2	299	0	1
265	25	5	316	0	1
265	25	10	319	0	1
265	25	4	265	0	1
265	25	6	295	0	1
266	22	7	299	1	1
266	22	11	317	1	1
266	22	3	316	1	1
266	22	0	299	1	1
266	22	1	577	1	1
266	22	8	328	1	1
266	22	9	317	1	1
266	22	2	300	1	1
266	22	5	317	1	1
266	22	10	320	1	1
266	22	4	266	1	1
266	22	6	296	1	1
266	23	7	299	1	1
266	23	11	317	1	1
266	23	3	316	1	1
266	23	0	299	1	1
266	23	1	577	1	1
266	23	8	328	1	1
266	23	9	317	1	1
266	23	2	300	1	1
266	23	5	317	1	1
266	23	10	320	1	1
266	23	4	266	1	1
266	23	6	296	1	1
266	24	7	299	1	1
266	24	11	317	1	1
266	24	3	316	1	1
266	24	0	299	1	1
266	24	1	577	1	1
266	24	8	328	1	1
266	24	9	317	1	1
266	24	2	300	1	1
266	24	5	317	1	1
266	24	10	320	1	1
266	24	4	266	1	1
266	24	6	296	1	1
266	25	7	299	1	1
266	25	11	317	1	1
266	25	3	316	1	1
266	25	0	299	1	1
266	25	1	577	1	1
266	25	8	328	1	1
266	25	9	317	1	1
266	25	2	300	1	1
266	25	5	317	1	1
266	25	10	320	1	1
266	25	4	266	1	1
266	25	6	296	1	1
267	23	7	300	1	1
267	23	11	318	1	1
267	23	3	317	1	1
267	23	0	300	1	1
267	23	1	578	1	1
267	23	8	329	1	1
267	23	9	318	1	1
267	23	2	301	1	1
267	23	5	318	1	1
267	23	10	321	1	1
267	23	4	267	1	1
267	23	6	297	1	1
267	24	7	300	1	1
267	24	11	318	1	1
267	24	3	317	1	1
267	24	0	300	1	1
267	24	1	578	1	1
267	24	8	329	1	1
267	24	9	318	1	1
267	24	2	301	1	1
267	24	5	318	1	1
267	24	10	321	1	1
267	24	4	267	1	1
267	24	6	297	1	1
268	23	7	301	1	1
268	23	11	319	1	1
268	23	3	318	1	1
268	23	0	301	1	1
268	23	1	579	1	1
268	23	8	330	1	1
268	23	9	319	1	1
268	23	2	302	1	1
268	23	5	319	1	1
268	23	10	322	1	1
268	23	4	268	1	1
268	23	6	298	1	1
268	24	7	301	1	1
268	24	11	319	1	1
268	24	3	318	1	1
268	24	0	301	1	1
268	24	1	579	1	1
268	24	8	330	1	1
268	24	9	319	1	1
268	24	2	302	1	1
268	24	5	319	1	1
268	24	10	322	1	1
268	24	4	268	1	1
268	24	6	298	1	1
269	23	7	302	1	1
269	23	11	320	1	1
269	23	3	319	1	1
269	23	0	302	1	1
269	23	1	580	1	1
269	23	8	331	1	1
269	23	9	320	1	1
269	23	2	303	1	1
269	23	5	320	1	1
269	23	10	323	1	1
269	23	4	269	1	1
269	23	6	299	1	1
270	22	7	303	1	1
270	22	11	321	1	1
270	22	3	320	1	1
270	22	0	303	1	1
270	22	1	581	1	1
270	22	8	332	1	1
270	22	9	321	1	1
270	22	2	304	1	1
270	22	5	321	1	1
270	22	10	324	1	1
270	22	4	270	1	1
270	22	6	300	1	1
283	20	6	313	0	1
283	20	7	316	0	1
283	20	11	334	0	1
283	20	3	333	0	1
283	20	0	316	0	1
283	20	1	594	0	1
283	20	8	345	0	1
283	20	9	334	0	1
283	20	2	317	0	1
283	20	5	334	0	1
283	20	10	337	0	1
283	20	4	283	0	1
298	21	2	332	0	1
298	21	5	349	0	1
298	21	10	352	0	1
298	21	4	298	0	1
298	21	6	328	0	1
298	21	7	331	0	1
298	21	11	349	0	1
298	21	3	348	0	1
298	21	0	331	0	1
298	21	1	609	0	1
298	21	8	360	0	1
298	21	9	349	0	1
298	22	5	349	0	1
298	22	10	352	0	1
298	22	4	298	0	1
298	22	6	328	0	1
298	22	7	331	0	1
298	22	11	349	0	1
298	22	3	348	0	1
298	22	0	331	0	1
298	22	1	609	0	1
298	22	8	360	0	1
298	22	9	349	0	1
298	22	2	332	0	1
299	21	9	350	0	1
299	21	2	333	0	1
299	21	5	350	0	1
299	21	10	353	0	1
299	21	4	299	0	1
299	21	6	329	0	1
299	21	7	332	0	1
299	21	11	350	0	1
299	21	3	349	0	1
299	21	0	332	0	1
299	21	1	610	0	1
299	21	8	361	0	1
299	22	6	329	0	1
299	22	7	332	0	1
299	22	11	350	0	1
299	22	3	349	0	1
299	22	0	332	0	1
299	22	1	610	0	1
299	22	8	361	0	1
299	22	9	350	0	1
299	22	2	333	0	1
299	22	5	350	0	1
299	22	10	353	0	1
299	22	4	299	0	1
300	21	10	354	0	1
300	21	4	300	0	1
300	21	6	330	0	1
300	21	7	333	0	1
300	21	11	351	0	1
300	21	3	350	0	1
300	21	0	333	0	1
300	21	1	611	0	1
300	21	8	362	0	1
300	21	9	351	0	1
300	21	2	334	0	1
300	21	5	351	0	1
300	22	6	330	0	1
300	22	7	333	0	1
300	22	11	351	0	1
300	22	3	350	0	1
300	22	0	333	0	1
300	22	1	611	0	1
300	22	8	362	0	1
300	22	9	351	0	1
300	22	2	334	0	1
300	22	5	351	0	1
300	22	10	354	0	1
300	22	4	300	0	1
302	20	7	335	0	1
302	20	11	353	0	1
302	20	3	352	0	1
302	20	0	335	0	1
302	20	1	613	0	1
302	20	8	364	0	1
302	20	9	353	0	1
302	20	2	336	0	1
302	20	5	353	0	1
302	20	10	356	0	1
302	20	4	302	0	1
302	20	6	332	0	1
302	21	8	364	0	1
302	21	9	353	0	1
302	21	2	336	0	1
302	21	5	353	0	1
302	21	10	356	0	1
302	21	4	302	0	1
302	21	6	332	0	1
302	21	7	335	0	1
302	21	11	353	0	1
302	21	3	352	0	1
302	21	0	335	0	1
302	21	1	613	0	1
302	22	10	356	0	1
302	22	4	302	0	1
302	22	6	332	0	1
302	22	7	335	0	1
302	22	11	353	0	1
302	22	3	352	0	1
302	22	0	335	0	1
302	22	1	613	0	1
302	22	8	364	0	1
302	22	9	353	0	1
302	22	2	336	0	1
302	22	5	353	0	1
303	20	10	357	1	1
303	20	4	303	1	1
303	20	6	333	1	1
303	20	7	336	1	1
303	20	11	354	1	1
303	20	3	353	1	1
303	20	0	336	1	1
303	20	1	614	1	1
303	20	8	365	1	1
303	20	9	354	1	1
303	20	2	337	1	1
303	20	5	354	1	1
303	21	10	357	1	1
303	21	4	303	1	1
303	21	6	333	1	1
303	21	7	336	1	1
303	21	11	354	1	1
303	21	3	353	1	1
303	21	0	336	1	1
303	21	1	614	1	1
303	21	8	365	1	1
303	21	9	354	1	1
303	21	2	337	1	1
303	21	5	354	1	1
303	22	7	336	1	1
303	22	11	354	1	1
303	22	3	353	1	1
303	22	0	336	1	1
303	22	1	614	1	1
303	22	8	365	1	1
303	22	9	354	1	1
303	22	2	337	1	1
303	22	5	354	1	1
303	22	10	357	1	1
303	22	4	303	1	1
303	22	6	333	1	1
304	21	6	334	1	1
304	21	7	337	1	1
304	21	11	355	1	1
304	21	3	354	1	1
304	21	0	337	1	1
304	21	1	615	1	1
304	21	8	366	1	1
304	21	9	355	1	1
304	21	2	338	1	1
304	21	5	355	1	1
304	21	10	358	1	1
304	21	4	304	1	1
304	22	6	334	1	1
304	22	7	337	1	1
304	22	11	355	1	1
304	22	3	354	1	1
304	22	0	337	1	1
304	22	1	615	1	1
304	22	8	366	1	1
304	22	9	355	1	1
304	22	2	338	1	1
304	22	5	355	1	1
304	22	10	358	1	1
304	22	4	304	1	1
305	20	6	335	1	1
305	20	7	338	1	1
305	20	11	356	1	1
305	20	3	355	1	1
305	20	0	338	1	1
305	20	1	616	1	1
305	20	8	367	1	1
305	20	9	356	1	1
305	20	2	339	1	1
305	20	5	356	1	1
305	20	10	359	1	1
305	20	4	305	1	1
305	21	0	338	1	1
305	21	1	616	1	1
305	21	8	367	1	1
305	21	9	356	1	1
305	21	2	339	1	1
305	21	5	356	1	1
305	21	10	359	1	1
305	21	4	305	1	1
305	21	6	335	1	1
305	21	7	338	1	1
305	21	11	356	1	1
305	21	3	355	1	1
305	22	6	335	1	1
305	22	7	338	1	1
305	22	11	356	1	1
305	22	3	355	1	1
305	22	0	338	1	1
305	22	1	616	1	1
305	22	8	367	1	1
305	22	9	356	1	1
305	22	2	339	1	1
305	22	5	356	1	1
305	22	10	359	1	1
305	22	4	305	1	1
306	20	11	357	1	1
306	20	3	356	1	1
306	20	0	339	1	1
306	20	1	617	1	1
306	20	8	368	1	1
306	20	9	357	1	1
306	20	2	340	1	1
306	20	5	357	1	1
306	20	10	360	1	1
306	20	4	306	1	1
306	20	6	336	1	1
306	20	7	339	1	1
306	21	6	336	1	1
306	21	7	339	1	1
306	21	11	357	1	1
306	21	3	356	1	1
306	21	0	339	1	1
306	21	1	617	1	1
306	21	8	368	1	1
306	21	9	357	1	1
306	21	2	340	1	1
306	21	5	357	1	1
306	21	10	360	1	1
306	21	4	306	1	1
307	20	9	358	1	1
307	20	2	341	1	1
307	20	5	358	1	1
307	20	10	361	1	1
307	20	4	307	1	1
307	20	6	337	1	1
307	20	7	340	1	1
307	20	11	358	1	1
307	20	3	357	1	1
307	20	0	340	1	1
307	20	1	618	1	1
307	20	8	369	1	1
307	21	2	341	1	1
307	21	5	358	1	1
307	21	10	361	1	1
307	21	4	307	1	1
307	21	6	337	1	1
307	21	7	340	1	1
307	21	11	358	1	1
307	21	3	357	1	1
307	21	0	340	1	1
307	21	1	618	1	1
307	21	8	369	1	1
307	21	9	358	1	1
308	20	11	359	1	1
308	20	3	358	1	1
308	20	0	341	1	1
308	20	1	619	1	1
308	20	8	370	1	1
308	20	9	359	1	1
308	20	2	342	1	1
308	20	5	359	1	1
308	20	10	362	1	1
308	20	4	308	1	1
308	20	6	338	1	1
308	20	7	341	1	1
308	21	1	619	1	1
308	21	8	370	1	1
308	21	9	359	1	1
308	21	2	342	1	1
308	21	5	359	1	1
308	21	10	362	1	1
308	21	4	308	1	1
308	21	6	338	1	1
308	21	7	341	1	1
308	21	11	359	1	1
308	21	3	358	1	1
308	21	0	341	1	1
309	20	10	363	1	1
309	20	4	309	1	1
309	20	6	339	1	1
309	20	7	342	1	1
309	20	11	360	1	1
309	20	3	359	1	1
309	20	0	342	1	1
309	20	1	620	1	1
309	20	8	371	1	1
309	20	9	360	1	1
309	20	2	343	1	1
309	20	5	360	1	1
309	21	6	339	1	1
309	21	7	342	1	1
309	21	11	360	1	1
309	21	3	359	1	1
309	21	0	342	1	1
309	21	1	620	1	1
309	21	8	371	1	1
309	21	9	360	1	1
309	21	2	343	1	1
309	21	5	360	1	1
309	21	10	363	1	1
309	21	4	309	1	1
310	18	7	343	1	1
310	18	11	361	1	1
310	18	3	360	1	1
310	18	0	343	1	1
310	18	1	621	1	1
310	18	8	372	1	1
310	18	9	361	1	1
310	18	2	344	1	1
310	18	5	361	1	1
310	18	10	364	1	1
310	18	4	310	1	1
310	18	6	340	1	1
310	19	7	343	1	1
310	19	11	361	1	1
310	19	3	360	1	1
310	19	0	343	1	1
310	19	1	621	1	1
310	19	8	372	1	1
310	19	9	361	1	1
310	19	2	344	1	1
310	19	5	361	1	1
310	19	10	364	1	1
310	19	4	310	1	1
310	19	6	340	1	1
311	19	7	344	1	1
311	19	11	362	1	1
311	19	3	361	1	1
311	19	0	344	1	1
311	19	1	622	1	1
311	19	8	373	1	1
311	19	9	362	1	1
311	19	2	345	1	1
311	19	5	362	1	1
311	19	10	365	1	1
311	19	4	311	1	1
311	19	6	341	1	1
311	20	7	344	1	1
311	20	11	362	1	1
311	20	3	361	1	1
311	20	0	344	1	1
311	20	1	622	1	1
311	20	8	373	1	1
311	20	9	362	1	1
311	20	2	345	1	1
311	20	5	362	1	1
311	20	10	365	1	1
311	20	4	311	1	1
311	20	6	341	1	1
312	18	7	345	1	0
312	18	11	363	1	0
312	18	3	362	1	0
312	18	0	345	1	0
312	18	1	623	1	0
312	18	8	374	1	0
312	18	9	363	1	0
312	18	2	346	1	0
312	18	5	363	1	0
312	18	10	366	1	0
312	18	4	312	1	0
312	18	6	342	1	0
312	19	5	363	1	0
312	19	10	366	1	0
312	19	4	312	1	0
312	19	6	342	1	0
312	19	7	345	1	0
312	19	11	363	1	0
312	19	3	362	1	0
312	19	0	345	1	0
312	19	1	623	1	0
312	19	8	374	1	0
312	19	9	363	1	0
312	19	2	346	1	0
312	20	7	345	1	0
312	20	11	363	1	0
312	20	3	362	1	0
312	20	0	345	1	0
312	20	1	623	1	0
312	20	8	374	1	0
312	20	9	363	1	0
312	20	2	346	1	0
312	20	5	363	1	0
312	20	10	366	1	0
312	20	4	312	1	0
312	20	6	342	1	0
312	21	7	345	1	0
312	21	11	363	1	0
312	21	3	362	1	0
312	21	0	345	1	0
312	21	1	623	1	0
312	21	8	374	1	0
312	21	9	363	1	0
312	21	2	346	1	0
312	21	5	363	1	0
312	21	10	366	1	0
312	21	4	312	1	0
312	21	6	342	1	0
312	22	7	345	1	0
312	22	11	363	1	0
312	22	3	362	1	0
312	22	0	345	1	0
312	22	1	623	1	0
312	22	8	374	1	0
312	22	9	363	1	0
312	22	2	346	1	0
312	22	5	363	1	0
312	22	10	366	1	0
312	22	4	312	1	0
312	22	6	342	1	0
313	19	7	346	1	1
313	19	11	364	1	1
313	19	3	363	1	1
313	19	0	346	1	1
313	19	1	624	1	1
313	19	8	375	1	1
313	19	9	364	1	1
313	19	2	347	1	1
313	19	5	364	1	1
313	19	10	367	1	1
313	19	4	313	1	1
313	19	6	343	1	1
313	20	7	346	1	1
313	20	11	364	1	1
313	20	3	363	1	1
313	20	0	346	1	1
313	20	1	624	1	1
313	20	8	375	1	1
313	20	9	364	1	1
313	20	2	347	1	1
313	20	5	364	1	1
313	20	10	367	1	1
313	20	4	313	1	1
313	20	6	343	1	1
313	21	7	346	1	1
313	21	11	364	1	1
313	21	3	363	1	1
313	21	0	346	1	1
313	21	1	624	1	1
313	21	8	375	1	1
313	21	9	364	1	1
313	21	2	347	1	1
313	21	5	364	1	1
313	21	10	367	1	1
313	21	4	313	1	1
313	21	6	343	1	1
313	22	7	346	1	0
313	22	11	364	1	0
313	22	3	363	1	0
313	22	0	346	1	0
313	22	1	624	1	0
313	22	8	375	1	0
313	22	9	364	1	0
313	22	2	347	1	0
313	22	5	364	1	0
313	22	10	367	1	0
313	22	4	313	1	0
313	22	6	343	1	0
314	21	7	347	1	0
314	21	11	365	1	0
314	21	3	364	1	0
314	21	0	347	1	0
314	21	1	625	1	0
314	21	8	376	1	0
314	21	9	365	1	0
314	21	2	348	1	0
314	21	5	365	1	0
314	21	10	368	1	0
314	21	4	314	1	0
314	21	6	344	1	0
314	22	7	347	1	0
314	22	11	365	1	0
314	22	3	364	1	0
314	22	0	347	1	0
314	22	1	625	1	0
314	22	8	376	1	0
314	22	9	365	1	0
314	22	2	348	1	0
314	22	5	365	1	0
314	22	10	368	1	0
314	22	4	314	1	0
314	22	6	344	1	0
315	20	7	348	1	0
315	20	11	366	1	0
315	20	3	365	1	0
315	20	0	348	1	0
315	20	1	626	1	0
315	20	8	377	1	0
315	20	9	366	1	0
315	20	2	349	1	0
315	20	5	366	1	0
315	20	10	369	1	0
315	20	4	315	1	0
315	20	6	345	1	0
315	21	7	348	1	0
315	21	11	366	1	0
315	21	3	365	1	0
315	21	0	348	1	0
315	21	1	626	1	0
315	21	8	377	1	0
315	21	9	366	1	0
315	21	2	349	1	0
315	21	5	366	1	0
315	21	10	369	1	0
315	21	4	315	1	0
315	21	6	345	1	0
315	22	7	348	1	0
315	22	11	366	1	0
315	22	3	365	1	0
315	22	0	348	1	0
315	22	1	626	1	0
315	22	8	377	1	0
315	22	9	366	1	0
315	22	2	349	1	0
315	22	5	366	1	0
315	22	10	369	1	0
315	22	4	315	1	0
315	22	6	345	1	0
316	21	7	349	1	0
316	21	11	367	1	0
316	21	3	366	1	0
316	21	0	349	1	0
316	21	1	627	1	0
316	21	8	378	1	0
316	21	9	367	1	0
316	21	2	350	1	0
316	21	5	367	1	0
316	21	10	370	1	0
316	21	4	316	1	0
316	21	6	346	1	0
316	22	7	349	1	1
316	22	11	367	1	1
316	22	3	366	1	1
316	22	0	349	1	1
316	22	1	627	1	1
316	22	8	378	1	1
316	22	9	367	1	1
316	22	2	350	1	1
316	22	5	367	1	1
316	22	10	370	1	1
316	22	4	316	1	1
316	22	6	346	1	1
317	20	7	350	1	0
317	20	11	368	1	0
317	20	3	367	1	0
317	20	0	350	1	0
317	20	1	628	1	0
317	20	8	379	1	0
317	20	9	368	1	0
317	20	2	351	1	0
317	20	5	368	1	0
317	20	10	371	1	0
317	20	4	317	1	0
317	20	6	347	1	0
317	22	9	368	1	1
317	22	2	351	1	1
317	22	5	368	1	1
317	22	10	371	1	1
317	22	4	317	1	1
317	22	6	347	1	1
317	22	7	350	1	1
317	22	11	368	1	1
317	22	3	367	1	1
317	22	0	350	1	1
317	22	1	628	1	1
317	22	8	379	1	1
318	20	7	351	1	1
318	20	11	369	1	1
318	20	3	368	1	1
318	20	0	351	1	1
318	20	1	629	1	1
318	20	8	380	1	1
318	20	9	369	1	1
318	20	2	352	1	1
318	20	5	369	1	1
318	20	10	372	1	1
318	20	4	318	1	1
318	20	6	348	1	1
318	22	7	351	1	1
318	22	11	369	1	1
318	22	3	368	1	1
318	22	0	351	1	1
318	22	1	629	1	1
318	22	8	380	1	1
318	22	9	369	1	1
318	22	2	352	1	1
318	22	5	369	1	1
318	22	10	372	1	1
318	22	4	318	1	1
318	22	6	348	1	1
319	20	7	352	1	1
319	20	11	370	1	1
319	20	3	369	1	1
319	20	0	352	1	1
319	20	1	630	1	1
319	20	8	381	1	1
319	20	9	370	1	1
319	20	2	353	1	1
319	20	5	370	1	1
319	20	10	373	1	1
319	20	4	319	1	1
319	20	6	349	1	1
319	22	7	352	1	1
319	22	11	370	1	1
319	22	3	369	1	1
319	22	0	352	1	1
319	22	1	630	1	1
319	22	8	381	1	1
319	22	9	370	1	1
319	22	2	353	1	1
319	22	5	370	1	1
319	22	10	373	1	1
319	22	4	319	1	1
319	22	6	349	1	1
320	20	7	353	1	1
320	20	11	371	1	1
320	20	3	370	1	1
320	20	0	353	1	1
320	20	1	631	1	1
320	20	8	382	1	1
320	20	9	371	1	1
320	20	2	354	1	1
320	20	5	371	1	1
320	20	10	374	1	1
320	20	4	320	1	1
320	20	6	350	1	1
320	22	7	353	1	1
320	22	11	371	1	1
320	22	3	370	1	1
320	22	0	353	1	1
320	22	1	631	1	1
320	22	8	382	1	1
320	22	9	371	1	1
320	22	2	354	1	1
320	22	5	371	1	1
320	22	10	374	1	1
320	22	4	320	1	1
320	22	6	350	1	1
321	20	7	354	1	1
321	20	11	372	1	1
321	20	3	371	1	1
321	20	0	354	1	1
321	20	1	632	1	1
321	20	8	383	1	1
321	20	9	372	1	1
321	20	2	355	1	1
321	20	5	372	1	1
321	20	10	375	1	1
321	20	4	321	1	1
321	20	6	351	1	1
321	22	7	354	1	1
321	22	11	372	1	1
321	22	3	371	1	1
321	22	0	354	1	1
321	22	1	632	1	1
321	22	8	383	1	1
321	22	9	372	1	1
321	22	2	355	1	1
321	22	5	372	1	1
321	22	10	375	1	1
321	22	4	321	1	1
321	22	6	351	1	1
322	20	7	355	1	1
322	20	11	373	1	1
322	20	3	372	1	1
322	20	0	355	1	1
322	20	1	633	1	1
322	20	8	384	1	1
322	20	9	373	1	1
322	20	2	356	1	1
322	20	5	373	1	1
322	20	10	376	1	1
322	20	4	322	1	1
322	20	6	352	1	1
322	22	7	355	1	1
322	22	11	373	1	1
322	22	3	372	1	1
322	22	0	355	1	1
322	22	1	633	1	1
322	22	8	384	1	1
322	22	9	373	1	1
322	22	2	356	1	1
322	22	5	373	1	1
322	22	10	376	1	1
322	22	4	322	1	1
322	22	6	352	1	1
323	20	7	356	1	1
323	20	11	374	1	1
323	20	3	373	1	1
323	20	0	356	1	1
323	20	1	634	1	1
323	20	8	385	1	1
323	20	9	374	1	1
323	20	2	357	1	1
323	20	5	374	1	1
323	20	10	377	1	1
323	20	4	323	1	1
323	20	6	353	1	1
323	21	7	356	1	1
323	21	11	374	1	1
323	21	3	373	1	1
323	21	0	356	1	1
323	21	1	634	1	1
323	21	8	385	1	1
323	21	9	374	1	1
323	21	2	357	1	1
323	21	5	374	1	1
323	21	10	377	1	1
323	21	4	323	1	1
323	21	6	353	1	1
324	21	7	357	1	1
324	21	11	375	1	1
324	21	3	374	1	1
324	21	0	357	1	1
324	21	1	635	1	1
324	21	8	386	1	1
324	21	9	375	1	1
324	21	2	358	1	1
324	21	5	375	1	1
324	21	10	378	1	1
324	21	4	324	1	1
324	21	6	354	1	1
324	22	7	357	1	1
324	22	11	375	1	1
324	22	3	374	1	1
324	22	0	357	1	1
324	22	1	635	1	1
324	22	8	386	1	1
324	22	9	375	1	1
324	22	2	358	1	1
324	22	5	375	1	1
324	22	10	378	1	1
324	22	4	324	1	1
324	22	6	354	1	1
325	21	7	358	1	1
325	21	11	376	1	1
325	21	3	375	1	1
325	21	0	358	1	1
325	21	1	636	1	1
325	21	8	387	1	1
325	21	9	376	1	1
325	21	2	359	1	1
325	21	5	376	1	1
325	21	10	379	1	1
325	21	4	325	1	1
325	21	6	355	1	1
326	21	6	356	1	1
326	21	7	359	1	1
326	21	11	377	1	1
326	21	3	376	1	1
326	21	0	359	1	1
326	21	1	637	1	1
326	21	8	388	1	1
326	21	9	377	1	1
326	21	2	360	1	1
326	21	5	377	1	1
326	21	10	380	1	1
326	21	4	326	1	1
326	22	10	380	1	1
326	22	4	326	1	1
326	22	7	359	1	1
326	22	11	377	1	1
326	22	3	376	1	1
326	22	0	359	1	1
326	22	1	637	1	1
326	22	8	388	1	1
326	22	9	377	1	1
326	22	2	360	1	1
326	22	5	377	1	1
327	21	9	378	1	1
327	21	2	361	1	1
327	21	5	378	1	1
327	21	10	381	1	1
327	21	4	327	1	1
327	21	7	360	1	1
327	21	11	378	1	1
327	21	3	377	1	1
327	21	0	360	1	1
327	21	1	638	1	1
327	21	8	389	1	1
327	22	7	360	1	1
327	22	11	378	1	1
327	22	3	377	1	1
327	22	0	360	1	1
327	22	1	638	1	1
327	22	8	389	1	1
327	22	9	378	1	1
327	22	2	361	1	1
327	22	5	378	1	1
327	22	10	381	1	1
327	22	4	327	1	1
328	21	9	379	1	1
328	21	2	362	1	1
328	21	5	379	1	1
328	21	10	382	1	1
328	21	4	328	1	1
328	21	7	361	1	1
328	21	11	379	1	1
328	21	3	378	1	1
328	21	0	361	1	1
328	21	1	639	1	1
328	21	8	390	1	1
328	22	3	378	1	1
328	22	0	361	1	1
328	22	1	639	1	1
328	22	8	390	1	1
328	22	9	379	1	1
328	22	2	362	1	1
328	22	5	379	1	1
328	22	10	382	1	1
328	22	4	328	1	1
328	22	7	361	1	1
328	22	11	379	1	1
328	23	1	639	1	1
328	23	8	390	1	1
328	23	9	379	1	1
328	23	2	362	1	1
328	23	5	379	1	1
328	23	10	382	1	1
328	23	4	328	1	1
328	23	7	361	1	1
328	23	11	379	1	1
328	23	3	378	1	1
328	23	0	361	1	1
329	22	5	380	0	1
329	22	10	383	0	1
329	22	4	329	0	1
329	22	7	362	0	1
329	22	11	380	0	1
329	22	3	379	0	1
329	22	0	362	0	1
329	22	1	640	0	1
329	22	8	391	0	1
329	22	9	380	0	1
329	22	2	363	0	1
330	22	10	384	0	1
330	22	4	330	0	1
330	22	7	363	0	1
330	22	11	381	0	1
330	22	3	380	0	1
330	22	0	363	0	1
330	22	1	641	0	1
330	22	8	392	0	1
330	22	9	381	0	1
330	22	2	364	0	1
330	22	5	381	0	1
331	21	5	382	0	1
331	21	10	385	0	1
331	21	4	331	0	1
331	21	7	364	0	1
331	21	11	382	0	1
331	21	3	381	0	1
331	21	0	364	0	1
331	21	1	642	0	1
331	21	8	393	0	1
331	21	9	382	0	1
331	21	2	365	0	1
331	22	4	331	0	1
331	22	7	364	0	1
331	22	11	382	0	1
331	22	3	381	0	1
331	22	0	364	0	1
331	22	1	642	0	1
331	22	8	393	0	1
331	22	9	382	0	1
331	22	2	365	0	1
331	22	5	382	0	1
331	22	10	385	0	1
331	23	4	331	0	1
331	23	7	364	0	1
331	23	11	382	0	1
331	23	3	381	0	1
331	23	0	364	0	1
331	23	1	642	0	1
331	23	8	393	0	1
331	23	9	382	0	1
331	23	2	365	0	1
331	23	5	382	0	1
331	23	10	385	0	1
332	20	1	643	1	1
332	20	8	394	1	1
332	20	9	383	1	1
332	20	2	366	1	1
332	20	5	383	1	1
332	20	10	386	1	1
332	20	4	332	1	1
332	20	7	365	1	1
332	20	11	383	1	1
332	20	3	382	1	1
332	20	0	365	1	1
332	21	9	383	1	1
332	21	2	366	1	1
332	21	5	383	1	1
332	21	10	386	1	1
332	21	4	332	1	1
332	21	7	365	1	1
332	21	11	383	1	1
332	21	3	382	1	1
332	21	0	365	1	1
332	21	1	643	1	1
332	21	8	394	1	1
332	22	11	383	1	1
332	22	3	382	1	1
332	22	0	365	1	1
332	22	1	643	1	1
332	22	8	394	1	1
332	22	9	383	1	1
332	22	2	366	1	1
332	22	5	383	1	1
332	22	10	386	1	1
332	22	4	332	1	1
332	22	7	365	1	1
333	20	9	384	1	1
333	20	2	367	1	1
333	20	5	384	1	1
333	20	10	387	1	1
333	20	4	333	1	1
333	20	7	366	1	1
333	20	11	384	1	1
333	20	3	383	1	1
333	20	0	366	1	1
333	20	1	644	1	1
333	20	8	395	1	1
333	21	5	384	0	1
333	21	10	387	0	1
333	21	4	333	0	1
333	21	7	366	0	1
333	21	11	384	0	1
333	21	3	383	0	1
333	21	0	366	0	1
333	21	1	644	0	1
333	21	8	395	0	1
333	21	9	384	0	1
333	21	2	367	0	1
334	20	8	396	0	1
334	20	9	385	0	1
334	20	2	368	0	1
334	20	5	385	0	1
334	20	10	388	0	1
334	20	4	334	0	1
334	20	7	367	0	1
334	20	11	385	0	1
334	20	3	384	0	1
334	20	0	367	0	1
334	20	1	645	0	1
343	20	8	405	1	0
343	20	9	394	1	0
343	20	2	377	1	0
343	20	5	394	1	0
343	20	10	397	1	0
343	20	4	343	1	0
343	20	7	376	1	0
343	20	11	394	1	0
343	20	3	393	1	0
343	20	0	376	1	0
343	20	1	654	1	0
343	22	7	376	1	1
343	22	11	394	1	1
343	22	3	393	1	1
343	22	0	376	1	1
343	22	1	654	1	1
343	22	8	405	1	1
343	22	9	394	1	1
343	22	2	377	1	1
343	22	5	394	1	1
343	22	10	397	1	1
343	22	4	343	1	1
344	20	5	395	1	1
344	20	10	398	1	1
344	20	4	344	1	1
344	20	7	377	1	1
344	20	11	395	1	1
344	20	3	394	1	1
344	20	0	377	1	1
344	20	1	655	1	1
344	20	8	406	1	1
344	20	9	395	1	1
344	20	2	378	1	1
344	21	0	377	1	1
344	21	1	655	1	1
344	21	8	406	1	1
344	21	9	395	1	1
344	21	2	378	1	1
344	21	5	395	1	1
344	21	10	398	1	1
344	21	4	344	1	1
344	21	7	377	1	1
344	21	11	395	1	1
344	21	3	394	1	1
344	22	8	406	1	1
344	22	9	395	1	1
344	22	2	378	1	1
344	22	5	395	1	1
344	22	10	398	1	1
344	22	4	344	1	1
344	22	7	377	1	1
344	22	11	395	1	1
344	22	3	394	1	1
344	22	0	377	1	1
344	22	1	655	1	1
345	21	9	396	1	1
345	21	2	379	1	1
345	21	5	396	1	1
345	21	10	399	1	1
345	21	4	345	1	1
345	21	7	378	1	1
345	21	11	396	1	1
345	21	3	395	1	1
345	21	0	378	1	1
345	21	1	656	1	1
345	21	8	407	1	1
345	22	9	396	1	1
345	22	2	379	1	1
345	22	5	396	1	1
345	22	10	399	1	1
345	22	4	345	1	1
345	22	7	378	1	1
345	22	11	396	1	1
345	22	3	395	1	1
345	22	0	378	1	1
345	22	1	656	1	1
345	22	8	407	1	1
346	20	10	400	1	1
346	20	4	346	1	1
346	20	7	379	1	1
346	20	11	397	1	1
346	20	3	396	1	1
346	20	0	379	1	1
346	20	1	657	1	1
346	20	8	408	1	1
346	20	9	397	1	1
346	20	2	380	1	1
346	20	5	397	1	1
346	22	1	657	1	1
346	22	8	408	1	1
346	22	9	397	1	1
346	22	2	380	1	1
346	22	5	397	1	1
346	22	10	400	1	1
346	22	4	346	1	1
346	22	7	379	1	1
346	22	11	397	1	1
346	22	3	396	1	1
346	22	0	379	1	1
347	20	2	381	1	1
347	20	5	398	1	1
347	20	10	401	1	1
347	20	4	347	1	1
347	20	7	380	1	1
347	20	11	398	1	1
347	20	3	397	1	1
347	20	0	380	1	1
347	20	1	658	1	1
347	20	8	409	1	1
347	20	9	398	1	1
347	22	8	409	1	1
347	22	9	398	1	1
347	22	2	381	1	1
347	22	5	398	1	1
347	22	10	401	1	1
347	22	4	347	1	1
347	22	7	380	1	1
347	22	11	398	1	1
347	22	3	397	1	1
347	22	0	380	1	1
347	22	1	658	1	1
348	20	3	398	1	1
348	20	0	381	1	1
348	20	1	659	1	1
348	20	8	410	1	1
348	20	9	399	1	1
348	20	2	382	1	1
348	20	5	399	1	1
348	20	10	402	1	1
348	20	4	348	1	1
348	20	7	381	1	1
348	20	11	399	1	1
348	21	2	382	1	1
348	21	5	399	1	1
348	21	10	402	1	1
348	21	4	348	1	1
348	21	7	381	1	1
348	21	11	399	1	1
348	21	3	398	1	1
348	21	0	381	1	1
348	21	1	659	1	1
348	21	8	410	1	1
348	21	9	399	1	1
348	22	4	348	0	1
348	22	7	381	0	1
348	22	11	399	0	1
348	22	3	398	0	1
348	22	0	381	0	1
348	22	1	659	0	1
348	22	8	410	0	1
348	22	9	399	0	1
348	22	2	382	0	1
348	22	5	399	0	1
348	22	10	402	0	1
349	21	2	383	0	1
349	21	5	400	0	1
349	21	10	403	0	1
349	21	4	349	0	1
349	21	7	382	0	1
349	21	11	400	0	1
349	21	3	399	0	1
349	21	0	382	0	1
349	21	1	660	0	1
349	21	8	411	0	1
349	21	9	400	0	1
350	20	0	383	0	1
350	20	1	661	0	1
350	20	8	412	0	1
350	20	9	401	0	1
350	20	2	384	0	1
350	20	5	401	0	1
350	20	10	404	0	1
350	20	4	350	0	1
350	20	7	383	0	1
350	20	11	401	0	1
350	20	3	400	0	1
350	21	10	404	1	1
350	21	4	350	1	1
350	21	7	383	1	1
350	21	11	401	1	1
350	21	3	400	1	1
350	21	0	383	1	1
350	21	1	661	1	1
350	21	8	412	1	1
350	21	9	401	1	1
350	21	2	384	1	1
350	21	5	401	1	1
351	20	5	402	1	1
351	20	10	405	1	1
351	20	4	351	1	1
351	20	7	384	1	1
351	20	11	402	1	1
351	20	3	401	1	1
351	20	0	384	1	1
351	20	1	662	1	1
351	20	8	413	1	1
351	20	9	402	1	1
351	20	2	385	1	1
351	21	4	351	1	1
351	21	7	384	1	1
351	21	11	402	1	1
351	21	3	401	1	1
351	21	0	384	1	1
351	21	1	662	1	1
351	21	8	413	1	1
351	21	9	402	1	1
351	21	2	385	1	1
351	21	5	402	1	1
351	21	10	405	1	1
352	20	5	403	1	1
352	20	10	406	1	1
352	20	4	352	1	1
352	20	7	385	1	1
352	20	11	403	1	1
352	20	3	402	1	1
352	20	0	385	1	1
352	20	1	663	1	1
352	20	8	414	1	1
352	20	9	403	1	1
352	20	2	386	1	1
352	21	9	403	1	1
352	21	2	386	1	1
352	21	5	403	1	1
352	21	10	406	1	1
352	21	4	352	1	1
352	21	7	385	1	1
352	21	11	403	1	1
352	21	3	402	1	1
352	21	0	385	1	1
352	21	1	663	1	1
352	21	8	414	1	1
353	19	4	353	1	1
353	19	7	386	1	1
353	19	11	404	1	1
353	19	3	403	1	1
353	19	0	386	1	1
353	19	1	664	1	1
353	19	8	415	1	1
353	19	9	404	1	1
353	19	2	387	1	1
353	19	5	404	1	1
353	19	10	407	1	1
353	20	2	387	1	1
353	20	5	404	1	1
353	20	10	407	1	1
353	20	4	353	1	1
353	20	7	386	1	1
353	20	11	404	1	1
353	20	3	403	1	1
353	20	0	386	1	1
353	20	1	664	1	1
353	20	8	415	1	1
353	20	9	404	1	1
353	21	5	404	1	1
353	21	10	407	1	1
353	21	4	353	1	1
353	21	7	386	1	1
353	21	11	404	1	1
353	21	3	403	1	1
353	21	0	386	1	1
353	21	1	664	1	1
353	21	8	415	1	1
353	21	9	404	1	1
353	21	2	387	1	1
354	19	9	405	1	1
354	19	2	388	1	1
354	19	5	405	1	1
354	19	10	408	1	1
354	19	4	354	1	1
354	19	7	387	1	1
354	19	11	405	1	1
354	19	3	404	1	1
354	19	0	387	1	1
354	19	1	665	1	1
354	19	8	416	1	1
354	20	2	388	1	1
354	20	5	405	1	1
354	20	10	408	1	1
354	20	4	354	1	1
354	20	7	387	1	1
354	20	11	405	1	1
354	20	3	404	1	1
354	20	0	387	1	1
354	20	1	665	1	1
354	20	8	416	1	1
354	20	9	405	1	1
354	21	0	387	1	1
354	21	1	665	1	1
354	21	8	416	1	1
354	21	9	405	1	1
354	21	2	388	1	1
354	21	5	405	1	1
354	21	10	408	1	1
354	21	4	354	1	1
354	21	7	387	1	1
354	21	11	405	1	1
354	21	3	404	1	1
355	20	9	406	1	1
355	20	2	389	1	1
355	20	5	406	1	1
355	20	10	409	1	1
355	20	4	355	1	1
355	20	7	388	1	1
355	20	11	406	1	1
355	20	3	405	1	1
355	20	0	388	1	1
355	20	1	666	1	1
355	20	8	417	1	1
355	21	5	406	1	1
355	21	10	409	1	1
355	21	4	355	1	1
355	21	7	388	1	1
355	21	11	406	1	1
355	21	3	405	1	1
355	21	0	388	1	1
355	21	1	666	1	1
355	21	8	417	1	1
355	21	9	406	1	1
355	21	2	389	1	1
355	22	9	406	1	1
355	22	2	389	1	1
355	22	5	406	1	1
355	22	10	409	1	1
355	22	4	355	1	1
355	22	7	388	1	1
355	22	11	406	1	1
355	22	3	405	1	1
355	22	0	388	1	1
355	22	1	666	1	1
355	22	8	417	1	1
356	20	10	410	1	1
356	20	4	356	1	1
356	20	7	389	1	1
356	20	11	407	1	1
356	20	3	406	1	1
356	20	0	389	1	1
356	20	1	667	1	1
356	20	8	418	1	1
356	20	9	407	1	1
356	20	2	390	1	1
356	20	5	407	1	1
356	21	2	390	1	1
356	21	5	407	1	1
356	21	10	410	1	1
356	21	4	356	1	1
356	21	7	389	1	1
356	21	11	407	1	1
356	21	3	406	1	1
356	21	0	389	1	1
356	21	1	667	1	1
356	21	8	418	1	1
356	21	9	407	1	1
356	22	2	390	1	1
356	22	5	407	1	1
356	22	10	410	1	1
356	22	4	356	1	1
356	22	7	389	1	1
356	22	11	407	1	1
356	22	3	406	1	1
356	22	0	389	1	1
356	22	1	667	1	1
356	22	8	418	1	1
356	22	9	407	1	1
357	20	4	357	1	1
357	20	7	390	1	1
357	20	11	408	1	1
357	20	3	407	1	1
357	20	0	390	1	1
357	20	1	668	1	1
357	20	8	419	1	1
357	20	9	408	1	1
357	20	2	391	1	1
357	20	5	408	1	1
357	20	10	411	1	1
357	21	11	408	1	1
357	21	3	407	1	1
357	21	0	390	1	1
357	21	1	668	1	1
357	21	8	419	1	1
357	21	9	408	1	1
357	21	2	391	1	1
357	21	5	408	1	1
357	21	10	411	1	1
357	21	4	357	1	1
357	21	7	390	1	1
357	22	9	408	1	1
357	22	2	391	1	1
357	22	5	408	1	1
357	22	10	411	1	1
357	22	4	357	1	1
357	22	7	390	1	1
357	22	11	408	1	1
357	22	3	407	1	1
357	22	0	390	1	1
357	22	1	668	1	1
357	22	8	419	1	1
358	20	2	392	1	1
358	20	5	409	1	1
358	20	10	412	1	1
358	20	4	358	1	1
358	20	7	391	1	1
358	20	11	409	1	1
358	20	3	408	1	1
358	20	0	391	1	1
358	20	1	669	1	1
358	20	8	420	1	1
358	20	9	409	1	1
358	21	11	409	1	1
358	21	3	408	1	1
358	21	0	391	1	1
358	21	1	669	1	1
358	21	8	420	1	1
358	21	9	409	1	1
358	21	2	392	1	1
358	21	5	409	1	1
358	21	10	412	1	1
358	21	4	358	1	1
358	21	7	391	1	1
358	22	4	358	1	1
358	22	7	391	1	1
358	22	11	409	1	1
358	22	3	408	1	1
358	22	0	391	1	1
358	22	1	669	1	1
358	22	8	420	1	1
358	22	9	409	1	1
358	22	2	392	1	1
358	22	5	409	1	1
358	22	10	412	1	1
359	19	1	670	1	1
359	19	8	421	1	1
359	19	9	410	1	1
359	19	2	393	1	1
359	19	5	410	1	1
359	19	10	413	1	1
359	19	4	359	1	1
359	19	7	392	1	1
359	19	11	410	1	1
359	19	3	409	1	1
359	19	0	392	1	1
359	20	4	359	1	1
359	20	7	392	1	1
359	20	11	410	1	1
359	20	3	409	1	1
359	20	0	392	1	1
359	20	1	670	1	1
359	20	8	421	1	1
359	20	9	410	1	1
359	20	2	393	1	1
359	20	5	410	1	1
359	20	10	413	1	1
359	21	1	670	1	1
359	21	8	421	1	1
359	21	9	410	1	1
359	21	2	393	1	1
359	21	5	410	1	1
359	21	10	413	1	1
359	21	4	359	1	1
359	21	7	392	1	1
359	21	11	410	1	1
359	21	3	409	1	1
359	21	0	392	1	1
359	22	1	670	1	1
359	22	8	421	1	1
359	22	9	410	1	1
359	22	2	393	1	1
359	22	5	410	1	1
359	22	10	413	1	1
359	22	4	359	1	1
359	22	7	392	1	1
359	22	11	410	1	1
359	22	3	409	1	1
359	22	0	392	1	1
360	19	1	671	1	1
360	19	8	422	1	1
360	19	9	411	1	1
360	19	2	394	1	1
360	19	5	411	1	1
360	19	10	414	1	1
360	19	4	360	1	1
360	19	7	393	1	1
360	19	11	411	1	1
360	19	3	410	1	1
360	19	0	393	1	1
360	20	4	360	1	1
360	20	7	393	1	1
360	20	11	411	1	1
360	20	3	410	1	1
360	20	0	393	1	1
360	20	1	671	1	1
360	20	8	422	1	1
360	20	9	411	1	1
360	20	2	394	1	1
360	20	5	411	1	1
360	20	10	414	1	1
360	21	11	411	1	1
360	21	3	410	1	1
360	21	0	393	1	1
360	21	1	671	1	1
360	21	8	422	1	1
360	21	9	411	1	1
360	21	2	394	1	1
360	21	5	411	1	1
360	21	10	414	1	1
360	21	4	360	1	1
360	21	7	393	1	1
360	22	5	411	1	1
360	22	10	414	1	1
360	22	4	360	1	1
360	22	7	393	1	1
360	22	11	411	1	1
360	22	3	410	1	1
360	22	0	393	1	1
360	22	1	671	1	1
360	22	8	422	1	1
360	22	9	411	1	1
360	22	2	394	1	1
361	21	9	412	1	1
361	21	2	395	1	1
361	21	5	412	1	1
361	21	10	415	1	1
361	21	4	361	1	1
361	21	7	394	1	1
361	21	11	412	1	1
361	21	3	411	1	1
361	21	0	394	1	1
361	21	1	672	1	1
361	21	8	423	1	1
361	22	9	412	1	1
361	22	2	395	1	1
361	22	5	412	1	1
361	22	10	415	1	1
361	22	4	361	1	1
361	22	7	394	1	1
361	22	11	412	1	1
361	22	3	411	1	1
361	22	0	394	1	1
361	22	1	672	1	1
361	22	8	423	1	1
362	20	8	424	1	1
362	20	9	413	1	1
362	20	2	396	1	1
362	20	5	413	1	1
362	20	10	416	1	1
362	20	4	362	1	1
362	20	7	395	1	1
362	20	11	413	1	1
362	20	3	412	1	1
362	20	0	395	1	1
362	20	1	673	1	1
362	21	7	395	0	1
362	21	11	413	0	1
362	21	3	412	0	1
362	21	0	395	0	1
362	21	1	673	0	1
362	21	8	424	0	1
362	21	9	413	0	1
362	21	2	396	0	1
362	21	5	413	0	1
362	21	10	416	0	1
362	21	4	362	0	1
363	20	3	413	0	1
363	20	0	396	0	1
363	20	1	674	0	1
363	20	8	425	0	1
363	20	9	414	0	1
363	20	2	397	0	1
363	20	5	414	0	1
363	20	10	417	0	1
363	20	4	363	0	1
363	20	7	396	0	1
363	20	11	414	0	1
370	19	0	403	1	0
370	19	1	681	1	0
370	19	8	432	1	0
370	19	9	421	1	0
370	19	2	404	1	0
370	19	5	421	1	0
370	19	10	424	1	0
370	19	4	370	1	0
370	19	7	403	1	0
370	19	11	421	1	0
370	19	3	420	1	0
370	20	0	403	1	0
370	20	1	681	1	0
370	20	8	432	1	0
370	20	9	421	1	0
370	20	2	404	1	0
370	20	5	421	1	0
370	20	10	424	1	0
370	20	4	370	1	0
370	20	7	403	1	0
370	20	11	421	1	0
370	20	3	420	1	0
371	20	7	404	1	1
371	20	11	422	1	1
371	20	3	421	1	1
371	20	0	404	1	1
371	20	1	682	1	1
371	20	8	433	1	1
371	20	9	422	1	1
371	20	2	405	1	1
371	20	5	422	1	1
371	20	10	425	1	1
371	20	4	371	1	1
372	19	7	405	1	1
372	19	11	423	1	1
372	19	3	422	1	1
372	19	0	405	1	1
372	19	1	683	1	1
372	19	8	434	1	1
372	19	9	423	1	1
372	19	2	406	1	1
372	19	5	423	1	1
372	19	10	426	1	1
372	19	4	372	1	1
372	20	10	426	0	1
372	20	4	372	0	1
372	20	7	405	0	1
372	20	11	423	0	1
372	20	3	422	0	1
372	20	0	405	0	1
372	20	1	683	0	1
372	20	8	434	0	1
372	20	9	423	0	1
372	20	2	406	0	1
372	20	5	423	0	1
373	18	3	423	1	1
373	18	0	406	1	1
373	18	1	684	1	1
373	18	8	435	1	1
373	18	9	424	1	1
373	18	2	407	1	1
373	18	5	424	1	1
373	18	10	427	1	1
373	18	4	373	1	1
373	18	7	406	1	1
373	18	11	424	1	1
373	19	0	406	0	1
373	19	1	684	0	1
373	19	8	435	0	1
373	19	9	424	0	1
373	19	2	407	0	1
373	19	5	424	0	1
373	19	10	427	0	1
373	19	4	373	0	1
373	19	7	406	0	1
373	19	11	424	0	1
373	19	3	423	0	1
374	19	7	407	0	1
374	19	11	425	0	1
374	19	3	424	0	1
374	19	0	407	0	1
374	19	1	685	0	1
374	19	8	436	0	1
374	19	9	425	0	1
374	19	2	408	0	1
374	19	5	425	0	1
374	19	10	428	0	1
374	19	4	374	0	1
374	20	9	425	0	1
374	20	2	408	0	1
374	20	5	425	0	1
374	20	10	428	0	1
374	20	4	374	0	1
374	20	7	407	0	1
374	20	11	425	0	1
374	20	3	424	0	1
374	20	0	407	0	1
374	20	1	685	0	1
374	20	8	436	0	1
374	21	0	407	0	1
374	21	1	685	0	1
374	21	8	436	0	1
374	21	9	425	0	1
374	21	2	408	0	1
374	21	5	425	0	1
374	21	10	428	0	1
374	21	4	374	0	1
374	21	7	407	0	1
374	21	11	425	0	1
374	21	3	424	0	1
374	22	4	374	0	1
374	22	7	407	0	1
374	22	11	425	0	1
374	22	3	424	0	1
374	22	0	407	0	1
374	22	1	685	0	1
374	22	8	436	0	1
374	22	9	425	0	1
374	22	2	408	0	1
374	22	5	425	0	1
374	22	10	428	0	1
375	18	0	408	0	1
375	18	1	686	0	1
375	18	8	437	0	1
375	18	9	426	0	1
375	18	2	409	0	1
375	18	5	426	0	1
375	18	10	429	0	1
375	18	4	375	0	1
375	18	7	408	0	1
375	18	11	426	0	1
375	18	3	425	0	1
375	19	3	425	0	1
375	19	0	408	0	1
375	19	1	686	0	1
375	19	8	437	0	1
375	19	9	426	0	1
375	19	2	409	0	1
375	19	5	426	0	1
375	19	10	429	0	1
375	19	4	375	0	1
375	19	7	408	0	1
375	19	11	426	0	1
375	20	4	375	0	1
375	20	7	408	0	1
375	20	11	426	0	1
375	20	3	425	0	1
375	20	0	408	0	1
375	20	1	686	0	1
375	20	8	437	0	1
375	20	9	426	0	1
375	20	2	409	0	1
375	20	5	426	0	1
375	20	10	429	0	1
375	21	9	426	0	1
375	21	2	409	0	1
375	21	5	426	0	1
375	21	10	429	0	1
375	21	4	375	0	1
375	21	7	408	0	1
375	21	11	426	0	1
375	21	3	425	0	1
375	21	0	408	0	1
375	21	1	686	0	1
375	21	8	437	0	1
376	19	8	438	0	1
376	19	9	427	0	1
376	19	2	410	0	1
376	19	5	427	0	1
376	19	10	430	0	1
376	19	4	376	0	1
376	19	7	409	0	1
376	19	11	427	0	1
376	19	3	426	0	1
376	19	0	409	0	1
376	19	1	687	0	1
376	20	9	427	0	1
376	20	2	410	0	1
376	20	5	427	0	1
376	20	10	430	0	1
376	20	4	376	0	1
376	20	7	409	0	1
376	20	11	427	0	1
376	20	3	426	0	1
376	20	0	409	0	1
376	20	1	687	0	1
376	20	8	438	0	1
378	20	10	432	0	1
378	20	4	378	0	1
378	20	7	411	0	1
378	20	11	429	0	1
378	20	3	428	0	1
378	20	0	411	0	1
378	20	1	689	0	1
378	20	8	440	0	1
378	20	9	429	0	1
378	20	2	412	0	1
378	20	5	429	0	1
379	19	5	430	0	1
379	19	10	433	0	1
379	19	4	379	0	1
379	19	7	412	0	1
379	19	11	430	0	1
379	19	3	429	0	1
379	19	0	412	0	1
379	19	1	690	0	1
379	19	8	441	0	1
379	19	9	430	0	1
379	19	2	413	0	1
379	20	0	412	0	1
379	20	1	690	0	1
379	20	8	441	0	1
379	20	9	430	0	1
379	20	2	413	0	1
379	20	5	430	0	1
379	20	10	433	0	1
379	20	4	379	0	1
379	20	7	412	0	1
379	20	11	430	0	1
379	20	3	429	0	1
379	21	3	429	0	1
379	21	0	412	0	1
379	21	1	690	0	1
379	21	8	441	0	1
379	21	9	430	0	1
379	21	2	413	0	1
379	21	5	430	0	1
379	21	10	433	0	1
379	21	4	379	0	1
379	21	7	412	0	1
379	21	11	430	0	1
380	18	3	430	0	1
380	18	0	413	0	1
380	18	1	691	0	1
380	18	8	442	0	1
380	18	9	431	0	1
380	18	2	414	0	1
380	18	5	431	0	1
380	18	10	434	0	1
380	18	4	380	0	1
380	18	7	413	0	1
380	18	11	431	0	1
380	19	10	434	0	1
380	19	4	380	0	1
380	19	7	413	0	1
380	19	11	431	0	1
380	19	3	430	0	1
380	19	0	413	0	1
380	19	1	691	0	1
380	19	8	442	0	1
380	19	9	431	0	1
380	19	2	414	0	1
380	19	5	431	0	1
380	20	8	442	0	1
380	20	9	431	0	1
380	20	2	414	0	1
380	20	5	431	0	1
380	20	10	434	0	1
380	20	4	380	0	1
380	20	7	413	0	1
380	20	11	431	0	1
380	20	3	430	0	1
380	20	0	413	0	1
380	20	1	691	0	1
380	21	5	431	0	1
380	21	10	434	0	1
380	21	4	380	0	1
380	21	7	413	0	1
380	21	11	431	0	1
380	21	3	430	0	1
380	21	0	413	0	1
380	21	1	691	0	1
380	21	8	442	0	1
380	21	9	431	0	1
380	21	2	414	0	1
381	18	3	431	0	1
381	18	0	414	0	1
381	18	1	692	0	1
381	18	8	443	0	1
381	18	9	432	0	1
381	18	2	415	0	1
381	18	5	432	0	1
381	18	10	435	0	1
381	18	4	381	0	1
381	18	7	414	0	1
381	18	11	432	0	1
381	19	5	432	0	1
381	19	10	435	0	1
381	19	4	381	0	1
381	19	7	414	0	1
381	19	11	432	0	1
381	19	3	431	0	1
381	19	0	414	0	1
381	19	1	692	0	1
381	19	8	443	0	1
381	19	9	432	0	1
381	19	2	415	0	1
381	20	0	414	0	1
381	20	1	692	0	1
381	20	8	443	0	1
381	20	9	432	0	1
381	20	2	415	0	1
381	20	5	432	0	1
381	20	10	435	0	1
381	20	4	381	0	1
381	20	7	414	0	1
381	20	11	432	0	1
381	20	3	431	0	1
383	20	3	433	0	1
383	20	0	416	0	1
383	20	1	694	0	1
383	20	8	445	0	1
383	20	9	434	0	1
383	20	2	417	0	1
383	20	5	434	0	1
383	20	10	437	0	1
383	20	4	383	0	1
383	20	7	416	0	1
383	20	11	434	0	1
384	21	3	434	0	1
384	21	0	417	0	1
384	21	1	695	0	1
384	21	8	446	0	1
384	21	9	435	0	1
384	21	2	418	0	1
384	21	5	435	0	1
384	21	10	438	0	1
384	21	4	384	0	1
384	21	7	417	0	1
384	21	11	435	0	1
390	20	2	424	1	1
390	20	5	441	1	1
390	20	10	444	1	1
390	20	4	390	1	1
390	20	6	418	1	1
390	20	7	423	1	1
390	20	11	441	1	1
390	20	3	440	1	1
390	20	0	423	1	1
390	20	1	701	1	1
390	20	8	452	1	1
390	20	9	441	1	1
390	21	10	444	1	0
390	21	4	390	1	0
390	21	7	423	1	0
390	21	11	441	1	0
390	21	3	440	1	0
390	21	0	423	1	0
390	21	1	701	1	0
390	21	8	452	1	0
390	21	9	441	1	0
390	21	2	424	1	0
390	21	5	441	1	0
390	22	7	423	1	0
390	22	11	441	1	0
390	22	3	440	1	0
390	22	0	423	1	0
390	22	1	701	1	0
390	22	8	452	1	0
390	22	9	441	1	0
390	22	2	424	1	0
390	22	5	441	1	0
390	22	10	444	1	0
390	22	4	390	1	0
390	23	7	423	1	0
390	23	11	441	1	0
390	23	3	440	1	0
390	23	0	423	1	0
390	23	1	701	1	0
390	23	8	452	1	0
390	23	9	441	1	0
390	23	2	424	1	0
390	23	5	441	1	0
390	23	10	444	1	0
390	23	4	390	1	0
391	25	2	425	0	1
391	25	5	442	0	1
391	25	10	445	0	1
391	25	4	391	0	1
391	25	7	424	0	1
391	25	11	442	0	1
391	25	3	441	0	1
391	25	0	424	0	1
391	25	1	702	0	1
391	25	8	453	0	1
391	25	9	442	0	1
392	24	5	443	1	1
392	24	10	446	1	1
392	24	4	392	1	1
392	24	7	425	1	1
392	24	11	443	1	1
392	24	3	442	1	1
392	24	0	425	1	1
392	24	1	703	1	1
392	24	8	454	1	1
392	24	9	443	1	1
392	24	2	426	1	1
393	23	10	447	1	1
393	23	4	393	1	1
393	23	7	426	1	1
393	23	11	444	1	1
393	23	3	443	1	1
393	23	0	426	1	1
393	23	1	704	1	1
393	23	8	455	1	1
393	23	9	444	1	1
393	23	2	427	1	1
393	23	5	444	1	1
394	22	5	445	1	0
394	22	10	448	1	0
394	22	4	394	1	0
394	22	7	427	1	0
394	22	11	445	1	0
394	22	3	444	1	0
394	22	0	427	1	0
394	22	1	705	1	0
394	22	8	456	1	0
394	22	9	445	1	0
394	22	2	428	1	0
394	23	11	445	1	0
394	23	3	444	1	0
394	23	0	427	1	0
394	23	1	705	1	0
394	23	8	456	1	0
394	23	9	445	1	0
394	23	2	428	1	0
394	23	5	445	1	0
394	23	10	448	1	0
394	23	4	394	1	0
394	23	7	427	1	0
395	21	7	428	1	1
395	21	11	446	1	1
395	21	3	445	1	1
395	21	0	428	1	1
395	21	1	706	1	1
395	21	8	457	1	1
395	21	9	446	1	1
395	21	2	429	1	1
395	21	5	446	1	1
395	21	10	449	1	1
395	21	4	395	1	1
395	22	7	428	1	1
395	22	11	446	1	1
395	22	3	445	1	1
395	22	0	428	1	1
395	22	1	706	1	1
395	22	8	457	1	1
395	22	9	446	1	1
395	22	2	429	1	1
395	22	5	446	1	1
395	22	10	449	1	1
395	22	4	395	1	1
396	21	7	429	1	1
396	21	11	447	1	1
396	21	3	446	1	1
396	21	0	429	1	1
396	21	1	707	1	1
396	21	8	458	1	1
396	21	9	447	1	1
396	21	2	430	1	1
396	21	5	447	1	1
396	21	10	450	1	1
396	21	4	396	1	1
396	22	0	429	1	1
396	22	1	707	1	1
396	22	8	458	1	1
396	22	9	447	1	1
396	22	2	430	1	1
396	22	5	447	1	1
396	22	10	450	1	1
396	22	4	396	1	1
396	22	7	429	1	1
396	22	11	447	1	1
396	22	3	446	1	1
397	22	1	708	0	1
397	22	8	459	0	1
397	22	9	448	0	1
397	22	2	431	0	1
397	22	5	448	0	1
397	22	10	451	0	1
397	22	4	397	0	1
397	22	7	430	0	1
397	22	11	448	0	1
397	22	3	447	0	1
397	22	0	430	0	1
397	23	7	430	0	1
397	23	11	448	0	1
397	23	3	447	0	1
397	23	0	430	0	1
397	23	1	708	0	1
397	23	8	459	0	1
397	23	9	448	0	1
397	23	2	431	0	1
397	23	5	448	0	1
397	23	10	451	0	1
397	23	4	397	0	1
398	21	10	452	0	1
398	21	4	398	0	1
398	21	7	431	0	1
398	21	11	449	0	1
398	21	3	448	0	1
398	21	0	431	0	1
398	21	1	709	0	1
398	21	8	460	0	1
398	21	9	449	0	1
398	21	2	432	0	1
398	21	5	449	0	1
398	22	7	431	0	1
398	22	11	449	0	1
398	22	3	448	0	1
398	22	0	431	0	1
398	22	1	709	0	1
398	22	8	460	0	1
398	22	9	449	0	1
398	22	2	432	0	1
398	22	5	449	0	1
398	22	10	452	0	1
398	22	4	398	0	1
398	23	4	398	0	1
398	23	7	431	0	1
398	23	11	449	0	1
398	23	3	448	0	1
398	23	0	431	0	1
398	23	1	709	0	1
398	23	8	460	0	1
398	23	9	449	0	1
398	23	2	432	0	1
398	23	5	449	0	1
398	23	10	452	0	1
399	21	3	449	0	1
399	21	0	432	0	1
399	21	1	710	0	1
399	21	8	461	0	1
399	21	9	450	0	1
399	21	2	433	0	1
399	21	5	450	0	1
399	21	10	453	0	1
399	21	4	399	0	1
399	21	7	432	0	1
399	21	11	450	0	1
399	22	7	432	0	1
399	22	11	450	0	1
399	22	3	449	0	1
399	22	0	432	0	1
399	22	1	710	0	1
399	22	8	461	0	1
399	22	9	450	0	1
399	22	2	433	0	1
399	22	5	450	0	1
399	22	10	453	0	1
399	22	4	399	0	1
399	23	7	432	0	1
399	23	11	450	0	1
399	23	3	449	0	1
399	23	0	432	0	1
399	23	1	710	0	1
399	23	8	461	0	1
399	23	9	450	0	1
399	23	2	433	0	1
399	23	5	450	0	1
399	23	10	453	0	1
399	23	4	399	0	1
400	21	7	433	0	1
400	21	11	451	0	1
400	21	3	450	0	1
400	21	0	433	0	1
400	21	1	711	0	1
400	21	8	462	0	1
400	21	9	451	0	1
400	21	2	434	0	1
400	21	5	451	0	1
400	21	10	454	0	1
400	21	4	400	0	1
400	22	7	433	0	1
400	22	11	451	0	1
400	22	3	450	0	1
400	22	0	433	0	1
400	22	1	711	0	1
400	22	8	462	0	1
400	22	9	451	0	1
400	22	2	434	0	1
400	22	5	451	0	1
400	22	10	454	0	1
400	22	4	400	0	1
401	22	7	434	0	1
401	22	11	452	0	1
401	22	3	451	0	1
401	22	0	434	0	1
401	22	1	712	0	1
401	22	8	463	0	1
401	22	9	452	0	1
401	22	2	435	0	1
401	22	5	452	0	1
401	22	10	455	0	1
401	22	4	401	0	1
402	22	7	435	0	1
402	22	11	453	0	1
402	22	3	452	0	1
402	22	0	435	0	1
402	22	1	713	0	1
402	22	8	464	0	1
402	22	9	453	0	1
402	22	2	436	0	1
402	22	5	453	0	1
402	22	10	456	0	1
402	22	4	402	0	1
402	23	7	435	0	1
402	23	11	453	0	1
402	23	3	452	0	1
402	23	0	435	0	1
402	23	1	713	0	1
402	23	8	464	0	1
402	23	9	453	0	1
402	23	2	436	0	1
402	23	5	453	0	1
402	23	10	456	0	1
402	23	4	402	0	1
403	23	7	436	1	1
403	23	11	454	1	1
403	23	3	453	1	1
403	23	0	436	1	1
403	23	1	714	1	1
403	23	8	465	1	1
403	23	9	454	1	1
403	23	2	437	1	1
403	23	5	454	1	1
403	23	10	457	1	1
403	23	4	403	1	1
404	22	7	437	1	1
404	22	11	455	1	1
404	22	3	454	1	1
404	22	0	437	1	1
404	22	1	715	1	1
404	22	8	466	1	1
404	22	9	455	1	1
404	22	2	438	1	1
404	22	5	455	1	1
404	22	10	458	1	1
404	22	4	404	1	1
404	23	2	438	0	1
404	23	5	455	0	1
404	23	10	458	0	1
404	23	4	404	0	1
404	23	7	437	0	1
404	23	11	455	0	1
404	23	3	454	0	1
404	23	0	437	0	1
404	23	1	715	0	1
404	23	8	466	0	1
404	23	9	455	0	1
405	22	7	438	0	1
405	22	11	456	0	1
405	22	3	455	0	1
405	22	0	438	0	1
405	22	1	716	0	1
405	22	8	467	0	1
405	22	9	456	0	1
405	22	2	439	0	1
405	22	5	456	0	1
405	22	10	459	0	1
405	22	4	405	0	1
407	20	7	440	0	1
407	20	11	458	0	1
407	20	3	457	0	1
407	20	0	440	0	1
407	20	1	718	0	1
407	20	8	469	0	1
407	20	9	458	0	1
407	20	2	441	0	1
407	20	5	458	0	1
407	20	10	461	0	1
407	20	4	407	0	1
407	21	10	461	0	1
407	21	4	407	0	1
407	21	7	440	0	1
407	21	11	458	0	1
407	21	3	457	0	1
407	21	0	440	0	1
407	21	1	718	0	1
407	21	8	469	0	1
407	21	9	458	0	1
407	21	2	441	0	1
407	21	5	458	0	1
407	22	2	441	0	1
407	22	5	458	0	1
407	22	10	461	0	1
407	22	4	407	0	1
407	22	7	440	0	1
407	22	11	458	0	1
407	22	3	457	0	1
407	22	0	440	0	1
407	22	1	718	0	1
407	22	8	469	0	1
407	22	9	458	0	1
410	21	7	443	0	1
410	21	11	461	0	1
410	21	3	460	0	1
410	21	0	443	0	1
410	21	1	721	0	1
410	21	8	472	0	1
410	21	9	461	0	1
410	21	2	444	0	1
410	21	5	461	0	1
410	21	10	464	0	1
410	21	4	410	0	1
410	22	1	721	0	1
410	22	8	472	0	1
410	22	9	461	0	1
410	22	2	444	0	1
410	22	5	461	0	1
410	22	10	464	0	1
410	22	4	410	0	1
410	22	7	443	0	1
410	22	11	461	0	1
410	22	3	460	0	1
410	22	0	443	0	1
411	20	7	444	0	1
411	20	11	462	0	1
411	20	3	461	0	1
411	20	0	444	0	1
411	20	1	722	0	1
411	20	8	473	0	1
411	20	9	462	0	1
411	20	2	445	0	1
411	20	5	462	0	1
411	20	10	465	0	1
411	20	4	411	0	1
411	21	7	444	0	1
411	21	11	462	0	1
411	21	3	461	0	1
411	21	0	444	0	1
411	21	1	722	0	1
411	21	8	473	0	1
411	21	9	462	0	1
411	21	2	445	0	1
411	21	5	462	0	1
411	21	10	465	0	1
411	21	4	411	0	1
414	22	4	414	0	1
414	22	6	442	0	1
414	22	7	447	0	1
414	22	11	465	0	1
414	22	3	464	0	1
414	22	0	447	0	1
414	22	1	725	0	1
414	22	8	476	0	1
414	22	9	465	0	1
414	22	2	448	0	1
414	22	5	465	0	1
414	22	10	468	0	1
415	22	7	448	1	0
415	22	11	466	1	0
415	22	3	465	1	0
415	22	0	448	1	0
415	22	1	726	1	0
415	22	8	477	1	0
415	22	9	466	1	0
415	22	2	449	1	0
415	22	5	466	1	0
415	22	10	469	1	0
415	22	4	415	1	0
415	22	6	443	1	0
415	23	7	448	1	0
415	23	11	466	1	0
415	23	3	465	1	0
415	23	0	448	1	0
415	23	1	726	1	0
415	23	8	477	1	0
415	23	9	466	1	0
415	23	2	449	1	0
415	23	5	466	1	0
415	23	10	469	1	0
415	23	4	415	1	0
415	23	6	443	1	0
416	22	7	449	1	0
416	22	11	467	1	0
416	22	3	466	1	0
416	22	0	449	1	0
416	22	1	727	1	0
416	22	8	478	1	0
416	22	9	467	1	0
416	22	2	450	1	0
416	22	5	467	1	0
416	22	10	470	1	0
416	22	4	416	1	0
416	22	6	444	1	0
416	23	6	444	1	0
416	23	7	449	1	0
416	23	11	467	1	0
416	23	3	466	1	0
416	23	0	449	1	0
416	23	1	727	1	0
416	23	8	478	1	0
416	23	9	467	1	0
416	23	2	450	1	0
416	23	5	467	1	0
416	23	10	470	1	0
416	23	4	416	1	0
416	24	11	467	1	0
416	24	3	466	1	0
416	24	0	449	1	0
416	24	1	727	1	0
416	24	8	478	1	0
416	24	9	467	1	0
416	24	2	450	1	0
416	24	5	467	1	0
416	24	10	470	1	0
416	24	4	416	1	0
416	24	6	444	1	0
416	24	7	449	1	0
416	25	1	727	0	1
416	25	8	478	0	1
416	25	9	467	0	1
416	25	2	450	0	1
416	25	5	467	0	1
416	25	10	470	0	1
416	25	4	416	0	1
416	25	7	449	0	1
416	25	11	467	0	1
416	25	3	466	0	1
416	25	0	449	0	1
417	22	2	451	1	0
417	22	5	468	1	0
417	22	10	471	1	0
417	22	4	417	1	0
417	22	6	445	1	0
417	22	7	450	1	0
417	22	11	468	1	0
417	22	3	467	1	0
417	22	0	450	1	0
417	22	1	728	1	0
417	22	8	479	1	0
417	22	9	468	1	0
417	23	7	450	1	0
417	23	11	468	1	0
417	23	3	467	1	0
417	23	0	450	1	0
417	23	1	728	1	0
417	23	8	479	1	0
417	23	9	468	1	0
417	23	2	451	1	0
417	23	5	468	1	0
417	23	10	471	1	0
417	23	4	417	1	0
417	23	6	445	1	0
417	24	10	471	0	1
417	24	4	417	0	1
417	24	7	450	0	1
417	24	11	468	0	1
417	24	3	467	0	1
417	24	0	450	0	1
417	24	1	728	0	1
417	24	8	479	0	1
417	24	9	468	0	1
417	24	2	451	0	1
417	24	5	468	0	1
417	25	3	467	1	0
417	25	0	450	1	0
417	25	1	728	1	0
417	25	8	479	1	0
417	25	9	468	1	0
417	25	2	451	1	0
417	25	5	468	1	0
417	25	10	471	1	0
417	25	4	417	1	0
417	25	7	450	1	0
417	25	11	468	1	0
418	24	10	472	1	0
418	24	4	418	1	0
418	24	7	451	1	0
418	24	11	469	1	0
418	24	3	468	1	0
418	24	0	451	1	0
418	24	1	729	1	0
418	24	8	480	1	0
418	24	9	469	1	0
418	24	2	452	1	0
418	24	5	469	1	0
418	25	0	451	1	0
418	25	1	729	1	0
418	25	8	480	1	0
418	25	9	469	1	0
418	25	2	452	1	0
418	25	5	469	1	0
418	25	10	472	1	0
418	25	4	418	1	0
418	25	7	451	1	0
418	25	11	469	1	0
418	25	3	468	1	0
419	24	7	452	1	0
419	24	11	470	1	0
419	24	3	469	1	0
419	24	0	452	1	0
419	24	1	730	1	0
419	24	8	481	1	0
419	24	9	470	1	0
419	24	2	453	1	0
419	24	5	470	1	0
419	24	10	473	1	0
419	24	4	419	1	0
419	25	3	469	1	1
419	25	0	452	1	1
419	25	1	730	1	1
419	25	8	481	1	1
419	25	9	470	1	1
419	25	2	453	1	1
419	25	5	470	1	1
419	25	10	473	1	1
419	25	4	419	1	1
419	25	7	452	1	1
419	25	11	470	1	1
420	23	2	454	1	0
420	23	5	471	1	0
420	23	10	474	1	0
420	23	4	420	1	0
420	23	7	453	1	0
420	23	11	471	1	0
420	23	3	470	1	0
420	23	0	453	1	0
420	23	1	731	1	0
420	23	8	482	1	0
420	23	9	471	1	0
420	24	3	470	1	1
420	24	0	453	1	1
420	24	1	731	1	1
420	24	8	482	1	1
420	24	9	471	1	1
420	24	2	454	1	1
420	24	5	471	1	1
420	24	10	474	1	1
420	24	4	420	1	1
420	24	7	453	1	1
420	24	11	471	1	1
420	25	1	731	1	1
420	25	8	482	1	1
420	25	9	471	1	1
420	25	2	454	1	1
420	25	5	471	1	1
420	25	10	474	1	1
420	25	4	420	1	1
420	25	7	453	1	1
420	25	11	471	1	1
420	25	3	470	1	1
420	25	0	453	1	1
421	23	1	732	1	1
421	23	8	483	1	1
421	23	9	472	1	1
421	23	2	455	1	1
421	23	5	472	1	1
421	23	10	475	1	1
421	23	4	421	1	1
421	23	7	454	1	1
421	23	11	472	1	1
421	23	3	471	1	1
421	23	0	454	1	1
421	24	4	421	1	1
421	24	7	454	1	1
421	24	11	472	1	1
421	24	3	471	1	1
421	24	0	454	1	1
421	24	1	732	1	1
421	24	8	483	1	1
421	24	9	472	1	1
421	24	2	455	1	1
421	24	5	472	1	1
421	24	10	475	1	1
421	25	1	732	1	1
421	25	8	483	1	1
421	25	9	472	1	1
421	25	2	455	1	1
421	25	5	472	1	1
421	25	10	475	1	1
421	25	4	421	1	1
421	25	7	454	1	1
421	25	11	472	1	1
421	25	3	471	1	1
421	25	0	454	1	1
422	24	2	456	1	1
422	24	5	473	1	1
422	24	10	476	1	1
422	24	4	422	1	1
422	24	7	455	1	1
422	24	11	473	1	1
422	24	3	472	1	1
422	24	0	455	1	1
422	24	1	733	1	1
422	24	8	484	1	1
422	24	9	473	1	1
424	25	10	478	0	1
424	25	4	424	0	1
424	25	7	457	0	1
424	25	11	475	0	1
424	25	3	474	0	1
424	25	0	457	0	1
424	25	1	735	0	1
424	25	8	486	0	1
424	25	9	475	0	1
424	25	2	458	0	1
424	25	5	475	0	1
425	25	7	458	0	1
425	25	11	476	0	1
425	25	3	475	0	1
425	25	0	458	0	1
425	25	1	736	0	1
425	25	8	487	0	1
425	25	9	476	0	1
425	25	2	459	0	1
425	25	5	476	0	1
425	25	10	479	0	1
425	25	4	425	0	1
426	25	2	460	0	1
426	25	5	477	0	1
426	25	10	480	0	1
426	25	4	426	0	1
426	25	7	459	0	1
426	25	11	477	0	1
426	25	3	476	0	1
426	25	0	459	0	1
426	25	1	737	0	1
426	25	8	488	0	1
426	25	9	477	0	1
429	25	10	483	0	1
429	25	4	429	0	1
429	25	7	462	0	1
429	25	11	480	0	1
429	25	3	479	0	1
429	25	0	462	0	1
429	25	1	740	0	1
429	25	8	491	0	1
429	25	9	480	0	1
429	25	2	463	0	1
429	25	5	480	0	1
430	25	10	484	1	1
430	25	4	430	1	1
430	25	7	463	1	1
430	25	11	481	1	1
430	25	3	480	1	1
430	25	0	463	1	1
430	25	1	741	1	1
430	25	8	492	1	1
430	25	9	481	1	1
430	25	2	464	1	1
430	25	5	481	1	1
431	25	1	742	0	1
431	25	8	493	0	1
431	25	9	482	0	1
431	25	2	465	0	1
431	25	5	482	0	1
431	25	10	485	0	1
431	25	4	431	0	1
431	25	7	464	0	1
431	25	11	482	0	1
431	25	3	481	0	1
431	25	0	464	0	1
433	24	10	487	0	1
433	24	4	433	0	1
433	24	7	466	0	1
433	24	11	484	0	1
433	24	3	483	0	1
433	24	0	466	0	1
433	24	1	744	0	1
433	24	8	495	0	1
433	24	9	484	0	1
433	24	2	467	0	1
433	24	5	484	0	1
433	25	10	487	0	1
433	25	4	433	0	1
433	25	7	466	0	1
433	25	11	484	0	1
433	25	3	483	0	1
433	25	0	466	0	1
433	25	1	744	0	1
433	25	8	495	0	1
433	25	9	484	0	1
433	25	2	467	0	1
433	25	5	484	0	1
434	24	2	468	0	1
434	24	5	485	0	1
434	24	10	488	0	1
434	24	4	434	0	1
434	24	7	467	0	1
434	24	11	485	0	1
434	24	3	484	0	1
434	24	0	467	0	1
434	24	1	745	0	1
434	24	8	496	0	1
434	24	9	485	0	1
434	25	10	488	0	1
434	25	4	434	0	1
434	25	7	467	0	1
434	25	11	485	0	1
434	25	3	484	0	1
434	25	0	467	0	1
434	25	1	745	0	1
434	25	8	496	0	1
434	25	9	485	0	1
434	25	2	468	0	1
434	25	5	485	0	1
435	23	3	485	0	1
435	23	0	468	0	1
435	23	1	746	0	1
435	23	8	497	0	1
435	23	9	486	0	1
435	23	2	469	0	1
435	23	5	486	0	1
435	23	10	489	0	1
435	23	4	435	0	1
435	23	7	468	0	1
435	23	11	486	0	1
435	24	5	486	0	1
435	24	10	489	0	1
435	24	4	435	0	1
435	24	7	468	0	1
435	24	11	486	0	1
435	24	3	485	0	1
435	24	0	468	0	1
435	24	1	746	0	1
435	24	8	497	0	1
435	24	9	486	0	1
435	24	2	469	0	1
435	25	10	489	0	1
435	25	4	435	0	1
435	25	7	468	0	1
435	25	11	486	0	1
435	25	3	485	0	1
435	25	0	468	0	1
435	25	1	746	0	1
435	25	8	497	0	1
435	25	9	486	0	1
435	25	2	469	0	1
435	25	5	486	0	1
436	23	8	498	0	1
436	23	9	487	0	1
436	23	2	470	0	1
436	23	5	487	0	1
436	23	10	490	0	1
436	23	4	436	0	1
436	23	7	469	0	1
436	23	11	487	0	1
436	23	3	486	0	1
436	23	0	469	0	1
436	23	1	747	0	1
436	24	10	490	0	1
436	24	4	436	0	1
436	24	7	469	0	1
436	24	11	487	0	1
436	24	3	486	0	1
436	24	0	469	0	1
436	24	1	747	0	1
436	24	8	498	0	1
436	24	9	487	0	1
436	24	2	470	0	1
436	24	5	487	0	1
436	25	2	470	0	1
436	25	5	487	0	1
436	25	10	490	0	1
436	25	4	436	0	1
436	25	7	469	0	1
436	25	11	487	0	1
436	25	3	486	0	1
436	25	0	469	0	1
436	25	1	747	0	1
436	25	8	498	0	1
436	25	9	487	0	1
438	23	2	472	1	1
438	23	5	489	1	1
438	23	10	492	1	1
438	23	4	438	1	1
438	23	6	465	1	1
438	23	7	471	1	1
438	23	11	489	1	1
438	23	3	488	1	1
438	23	0	471	1	1
438	23	1	749	1	1
438	23	8	500	1	1
438	23	9	489	1	1
438	24	6	465	1	1
438	24	7	471	1	1
438	24	11	489	1	1
438	24	3	488	1	1
438	24	0	471	1	1
438	24	1	749	1	1
438	24	8	500	1	1
438	24	9	489	1	1
438	24	2	472	1	1
438	24	5	489	1	1
438	24	10	492	1	1
438	24	4	438	1	1
438	25	7	471	1	1
438	25	11	489	1	1
438	25	3	488	1	1
438	25	0	471	1	1
438	25	1	749	1	1
438	25	8	500	1	1
438	25	9	489	1	1
438	25	2	472	1	1
438	25	5	489	1	1
438	25	10	492	1	1
438	25	4	438	1	1
438	25	6	465	1	1
439	22	1	750	1	1
439	22	8	501	1	1
439	22	9	490	1	1
439	22	2	473	1	1
439	22	5	490	1	1
439	22	10	493	1	1
439	22	4	439	1	1
439	22	6	466	1	1
439	22	7	472	1	1
439	22	11	490	1	1
439	22	3	489	1	1
439	22	0	472	1	1
439	23	0	472	1	1
439	23	1	750	1	1
439	23	8	501	1	1
439	23	9	490	1	1
439	23	2	473	1	1
439	23	5	490	1	1
439	23	10	493	1	1
439	23	4	439	1	1
439	23	6	466	1	1
439	23	7	472	1	1
439	23	11	490	1	1
439	23	3	489	1	1
439	24	5	490	1	1
439	24	10	493	1	1
439	24	4	439	1	1
439	24	6	466	1	1
439	24	7	472	1	1
439	24	11	490	1	1
439	24	3	489	1	1
439	24	0	472	1	1
439	24	1	750	1	1
439	24	8	501	1	1
439	24	9	490	1	1
439	24	2	473	1	1
440	22	4	440	1	1
440	22	6	467	1	1
440	22	7	473	1	1
440	22	11	491	1	1
440	22	3	490	1	1
440	22	0	473	1	1
440	22	1	751	1	1
440	22	8	502	1	1
440	22	9	491	1	1
440	22	2	474	1	1
440	22	5	491	1	1
440	22	10	494	1	1
440	23	4	440	1	1
440	23	6	467	1	1
440	23	7	473	1	1
440	23	11	491	1	1
440	23	3	490	1	1
440	23	0	473	1	1
440	23	1	751	1	1
440	23	8	502	1	1
440	23	9	491	1	1
440	23	2	474	1	1
440	23	5	491	1	1
440	23	10	494	1	1
440	24	2	474	1	1
440	24	5	491	1	1
440	24	10	494	1	1
440	24	4	440	1	1
440	24	6	467	1	1
440	24	7	473	1	1
440	24	11	491	1	1
440	24	3	490	1	1
440	24	0	473	1	1
440	24	1	751	1	1
440	24	8	502	1	1
440	24	9	491	1	1
440	25	2	474	1	0
440	25	5	491	1	0
440	25	10	494	1	0
440	25	4	440	1	0
440	25	6	467	1	0
440	25	7	473	1	0
440	25	11	491	1	0
440	25	3	490	1	0
440	25	0	473	1	0
440	25	1	751	1	0
440	25	8	502	1	0
440	25	9	491	1	0
441	23	6	468	0	1
441	23	7	474	0	1
441	23	11	492	0	1
441	23	3	491	0	1
441	23	0	474	0	1
441	23	1	752	0	1
441	23	8	503	0	1
441	23	9	492	0	1
441	23	2	475	0	1
441	23	5	492	0	1
441	23	10	495	0	1
441	23	4	441	0	1
441	25	7	474	0	1
441	25	11	492	0	1
441	25	3	491	0	1
441	25	0	474	0	1
441	25	1	752	0	1
441	25	8	503	0	1
441	25	9	492	0	1
441	25	2	475	0	1
441	25	5	492	0	1
441	25	10	495	0	1
441	25	4	441	0	1
441	25	6	468	0	1
442	22	9	493	0	1
442	22	2	476	0	1
442	22	5	493	0	1
442	22	10	496	0	1
442	22	4	442	0	1
442	22	6	469	0	1
442	22	7	475	0	1
442	22	11	493	0	1
442	22	3	492	0	1
442	22	0	475	0	1
442	22	1	753	0	1
442	22	8	504	0	1
442	24	10	496	0	1
442	24	4	442	0	1
442	24	6	469	0	1
442	24	7	475	0	1
442	24	11	493	0	1
442	24	3	492	0	1
442	24	0	475	0	1
442	24	1	753	0	1
442	24	8	504	0	1
442	24	9	493	0	1
442	24	2	476	0	1
442	24	5	493	0	1
443	24	2	477	1	1
443	24	5	494	1	1
443	24	10	497	1	1
443	24	4	443	1	1
443	24	6	470	1	1
443	24	7	476	1	1
443	24	11	494	1	1
443	24	3	493	1	1
443	24	0	476	1	1
443	24	1	754	1	1
443	24	8	505	1	1
443	24	9	494	1	1
444	23	4	444	1	1
444	23	6	471	1	1
444	23	7	477	1	1
444	23	11	495	1	1
444	23	3	494	1	1
444	23	0	477	1	1
444	23	1	755	1	1
444	23	8	506	1	1
444	23	9	495	1	1
444	23	2	478	1	1
444	23	5	495	1	1
444	23	10	498	1	1
444	24	7	477	1	1
444	24	11	495	1	1
444	24	3	494	1	1
444	24	0	477	1	1
444	24	1	755	1	1
444	24	8	506	1	1
444	24	9	495	1	1
444	24	2	478	1	1
444	24	5	495	1	1
444	24	10	498	1	1
444	24	4	444	1	1
444	24	6	471	1	1
445	22	1	756	1	1
445	22	8	507	1	1
445	22	9	496	1	1
445	22	2	479	1	1
445	22	5	496	1	1
445	22	10	499	1	1
445	22	4	445	1	1
445	22	6	472	1	1
445	22	7	478	1	1
445	22	11	496	1	1
445	22	3	495	1	1
445	22	0	478	1	1
445	23	10	499	1	1
445	23	4	445	1	1
445	23	6	472	1	1
445	23	7	478	1	1
445	23	11	496	1	1
445	23	3	495	1	1
445	23	0	478	1	1
445	23	1	756	1	1
445	23	8	507	1	1
445	23	9	496	1	1
445	23	2	479	1	1
445	23	5	496	1	1
445	24	4	445	1	1
445	24	6	472	1	1
445	24	7	478	1	1
445	24	11	496	1	1
445	24	3	495	1	1
445	24	0	478	1	1
445	24	1	756	1	1
445	24	8	507	1	1
445	24	9	496	1	1
445	24	2	479	1	1
445	24	5	496	1	1
445	24	10	499	1	1
446	21	2	480	1	1
446	21	5	497	1	1
446	21	10	500	1	1
446	21	4	446	1	1
446	21	6	473	1	1
446	21	7	479	1	1
446	21	11	497	1	1
446	21	3	496	1	1
446	21	0	479	1	1
446	21	1	757	1	1
446	21	8	508	1	1
446	21	9	497	1	1
446	22	10	500	1	1
446	22	4	446	1	1
446	22	6	473	1	1
446	22	7	479	1	1
446	22	11	497	1	1
446	22	3	496	1	1
446	22	0	479	1	1
446	22	1	757	1	1
446	22	8	508	1	1
446	22	9	497	1	1
446	22	2	480	1	1
446	22	5	497	1	1
447	21	6	474	1	1
447	21	7	480	1	1
447	21	11	498	1	1
447	21	3	497	1	1
447	21	0	480	1	1
447	21	1	758	1	1
447	21	8	509	1	1
447	21	9	498	1	1
447	21	2	481	1	1
447	21	5	498	1	1
447	21	10	501	1	1
447	21	4	447	1	1
447	22	0	480	1	1
447	22	1	758	1	1
447	22	8	509	1	1
447	22	9	498	1	1
447	22	2	481	1	1
447	22	5	498	1	1
447	22	10	501	1	1
447	22	4	447	1	1
447	22	6	474	1	1
447	22	7	480	1	1
447	22	11	498	1	1
447	22	3	497	1	1
448	22	7	481	1	1
448	22	11	499	1	1
448	22	3	498	1	1
448	22	0	481	1	1
448	22	1	759	1	1
448	22	8	510	1	1
448	22	9	499	1	1
448	22	2	482	1	1
448	22	5	499	1	1
448	22	10	502	1	1
448	22	4	448	1	1
448	22	6	475	1	1
448	23	9	499	1	1
448	23	2	482	1	1
448	23	5	499	1	1
448	23	10	502	1	1
448	23	4	448	1	1
448	23	6	475	1	1
448	23	7	481	1	1
448	23	11	499	1	1
448	23	3	498	1	1
448	23	0	481	1	1
448	23	1	759	1	1
448	23	8	510	1	1
448	24	1	759	1	1
448	24	8	510	1	1
448	24	9	499	1	1
448	24	2	482	1	1
448	24	5	499	1	1
448	24	10	502	1	1
448	24	4	448	1	1
448	24	7	481	1	1
448	24	11	499	1	1
448	24	3	498	1	1
448	24	0	481	1	1
448	25	0	481	1	1
448	25	1	759	1	1
448	25	8	510	1	1
448	25	9	499	1	1
448	25	2	482	1	1
448	25	5	499	1	1
448	25	10	502	1	1
448	25	4	448	1	1
448	25	7	481	1	1
448	25	11	499	1	1
448	25	3	498	1	1
449	24	1	760	1	1
449	24	8	511	1	1
449	24	9	500	1	1
449	24	2	483	1	1
449	24	5	500	1	1
449	24	10	503	1	1
449	24	4	449	1	1
449	24	7	482	1	1
449	24	11	500	1	1
449	24	3	499	1	1
449	24	0	482	1	1
449	25	0	482	1	1
449	25	1	760	1	1
449	25	8	511	1	1
449	25	9	500	1	1
449	25	2	483	1	1
449	25	5	500	1	1
449	25	10	503	1	1
449	25	4	449	1	1
449	25	7	482	1	1
449	25	11	500	1	1
449	25	3	499	1	1
450	24	2	484	1	0
450	24	5	501	1	0
450	24	10	504	1	0
450	24	4	450	1	0
450	24	7	483	1	0
450	24	11	501	1	0
450	24	3	500	1	0
450	24	0	483	1	0
450	24	1	761	1	0
450	24	8	512	1	0
450	24	9	501	1	0
451	23	8	513	1	1
451	23	9	502	1	1
451	23	2	485	1	1
451	23	5	502	1	1
451	23	10	505	1	1
451	23	4	451	1	1
451	23	7	484	1	1
451	23	11	502	1	1
451	23	3	501	1	1
451	23	0	484	1	1
451	23	1	762	1	1
452	23	10	506	1	1
452	23	4	452	1	1
452	23	7	485	1	1
452	23	11	503	1	1
452	23	3	502	1	1
452	23	0	485	1	1
452	23	1	763	1	1
452	23	8	514	1	1
452	23	9	503	1	1
452	23	2	486	1	1
452	23	5	503	1	1
453	23	0	486	1	1
453	23	1	764	1	1
453	23	8	515	1	1
453	23	9	504	1	1
453	23	2	487	1	1
453	23	5	504	1	1
453	23	10	507	1	1
453	23	4	453	1	1
453	23	7	486	1	1
453	23	11	504	1	1
453	23	3	503	1	1
454	22	7	487	1	1
454	22	11	505	1	1
454	22	3	504	1	1
454	22	0	487	1	1
454	22	1	765	1	1
454	22	8	516	1	1
454	22	9	505	1	1
454	22	2	488	1	1
454	22	5	505	1	1
454	22	10	508	1	1
454	22	4	454	1	1
454	23	4	454	1	1
454	23	7	487	1	1
454	23	11	505	1	1
454	23	3	504	1	1
454	23	0	487	1	1
454	23	1	765	1	1
454	23	8	516	1	1
454	23	9	505	1	1
454	23	2	488	1	1
454	23	5	505	1	1
454	23	10	508	1	1
454	24	5	505	1	1
454	24	10	508	1	1
454	24	4	454	1	1
454	24	7	487	1	1
454	24	11	505	1	1
454	24	3	504	1	1
454	24	0	487	1	1
454	24	1	765	1	1
454	24	8	516	1	1
454	24	9	505	1	1
454	24	2	488	1	1
454	25	9	505	1	1
454	25	2	488	1	1
454	25	5	505	1	1
454	25	10	508	1	1
454	25	4	454	1	1
454	25	7	487	1	1
454	25	11	505	1	1
454	25	3	504	1	1
454	25	0	487	1	1
454	25	1	765	1	1
454	25	8	516	1	1
455	21	11	506	1	1
455	21	3	505	1	1
455	21	0	488	1	1
455	21	1	766	1	1
455	21	8	517	1	1
455	21	9	506	1	1
455	21	2	489	1	1
455	21	5	506	1	1
455	21	10	509	1	1
455	21	4	455	1	1
455	21	7	488	1	1
455	22	1	766	1	1
455	22	8	517	1	1
455	22	9	506	1	1
455	22	2	489	1	1
455	22	5	506	1	1
455	22	10	509	1	1
455	22	4	455	1	1
455	22	7	488	1	1
455	22	11	506	1	1
455	22	3	505	1	1
455	22	0	488	1	1
455	23	7	488	1	1
455	23	11	506	1	1
455	23	3	505	1	1
455	23	0	488	1	1
455	23	1	766	1	1
455	23	8	517	1	1
455	23	9	506	1	1
455	23	2	489	1	1
455	23	5	506	1	1
455	23	10	509	1	1
455	23	4	455	1	1
455	24	2	489	1	1
455	24	5	506	1	1
455	24	10	509	1	1
455	24	4	455	1	1
455	24	7	488	1	1
455	24	11	506	1	1
455	24	3	505	1	1
455	24	0	488	1	1
455	24	1	766	1	1
455	24	8	517	1	1
455	24	9	506	1	1
455	25	3	505	1	1
455	25	0	488	1	1
455	25	1	766	1	1
455	25	8	517	1	1
455	25	9	506	1	1
455	25	2	489	1	1
455	25	5	506	1	1
455	25	10	509	1	1
455	25	4	455	1	1
455	25	7	488	1	1
455	25	11	506	1	1
456	21	8	518	1	1
456	21	9	507	1	1
456	21	2	490	1	1
456	21	5	507	1	1
456	21	10	510	1	1
456	21	4	456	1	1
456	21	7	489	1	1
456	21	11	507	1	1
456	21	3	506	1	1
456	21	0	489	1	1
456	21	1	767	1	1
456	22	0	489	1	1
456	22	1	767	1	1
456	22	8	518	1	1
456	22	9	507	1	1
456	22	2	490	1	1
456	22	5	507	1	1
456	22	10	510	1	1
456	22	4	456	1	1
456	22	7	489	1	1
456	22	11	507	1	1
456	22	3	506	1	1
456	23	2	490	1	1
456	23	5	507	1	1
456	23	10	510	1	1
456	23	4	456	1	1
456	23	7	489	1	1
456	23	11	507	1	1
456	23	3	506	1	1
456	23	0	489	1	1
456	23	1	767	1	1
456	23	8	518	1	1
456	23	9	507	1	1
456	24	10	510	1	1
456	24	4	456	1	1
456	24	7	489	1	1
456	24	11	507	1	1
456	24	3	506	1	1
456	24	0	489	1	1
456	24	1	767	1	1
456	24	8	518	1	1
456	24	9	507	1	1
456	24	2	490	1	1
456	24	5	507	1	1
456	25	9	507	0	1
456	25	2	490	0	1
456	25	5	507	0	1
456	25	10	510	0	1
456	25	4	456	0	1
456	25	7	489	0	1
456	25	11	507	0	1
456	25	3	506	0	1
456	25	0	489	0	1
456	25	1	767	0	1
456	25	8	518	0	1
457	22	10	511	1	1
457	22	4	457	1	1
457	22	7	490	1	1
457	22	11	508	1	1
457	22	3	507	1	1
457	22	0	490	1	1
457	22	1	768	1	1
457	22	8	519	1	1
457	22	9	508	1	1
457	22	2	491	1	1
457	22	5	508	1	1
457	23	7	490	1	1
457	23	11	508	1	1
457	23	3	507	1	1
457	23	0	490	1	1
457	23	1	768	1	1
457	23	8	519	1	1
457	23	9	508	1	1
457	23	2	491	1	1
457	23	5	508	1	1
457	23	10	511	1	1
457	23	4	457	1	1
457	24	1	768	0	1
457	24	8	519	0	1
457	24	9	508	0	1
457	24	2	491	0	1
457	24	5	508	0	1
457	24	10	511	0	1
457	24	4	457	0	1
457	24	7	490	0	1
457	24	11	508	0	1
457	24	3	507	0	1
457	24	0	490	0	1
457	25	3	507	1	0
457	25	0	490	1	0
457	25	1	768	1	0
457	25	8	519	1	0
457	25	9	508	1	0
457	25	2	491	1	0
457	25	5	508	1	0
457	25	10	511	1	0
457	25	4	457	1	0
457	25	7	490	1	0
457	25	11	508	1	0
458	23	3	508	0	1
458	23	0	491	0	1
458	23	1	769	0	1
458	23	8	520	0	1
458	23	9	509	0	1
458	23	2	492	0	1
458	23	5	509	0	1
458	23	10	512	0	1
458	23	4	458	0	1
458	23	7	491	0	1
458	23	11	509	0	1
458	24	10	512	1	0
458	24	4	458	1	0
458	24	7	491	1	0
458	24	11	509	1	0
458	24	3	508	1	0
458	24	0	491	1	0
458	24	1	769	1	0
458	24	8	520	1	0
458	24	9	509	1	0
458	24	2	492	1	0
458	24	5	509	1	0
461	22	8	523	1	0
461	22	9	512	1	0
461	22	2	495	1	0
461	22	5	512	1	0
461	22	10	515	1	0
461	22	4	461	1	0
461	22	7	494	1	0
461	22	11	512	1	0
461	22	3	511	1	0
461	22	0	494	1	0
461	22	1	772	1	0
461	23	3	511	1	0
461	23	0	494	1	0
461	23	1	772	1	0
461	23	8	523	1	0
461	23	9	512	1	0
461	23	2	495	1	0
461	23	5	512	1	0
461	23	10	515	1	0
461	23	4	461	1	0
461	23	7	494	1	0
461	23	11	512	1	0
461	24	3	511	1	0
461	24	0	494	1	0
461	24	1	772	1	0
461	24	8	523	1	0
461	24	9	512	1	0
461	24	2	495	1	0
461	24	5	512	1	0
461	24	10	515	1	0
461	24	4	461	1	0
461	24	7	494	1	0
461	24	11	512	1	0
461	25	10	515	1	1
461	25	4	461	1	1
461	25	7	494	1	1
461	25	11	512	1	1
461	25	3	511	1	1
461	25	0	494	1	1
461	25	1	772	1	1
461	25	8	523	1	1
461	25	9	512	1	1
461	25	2	495	1	1
461	25	5	512	1	1
462	23	4	462	1	0
462	23	7	495	1	0
462	23	11	513	1	0
462	23	3	512	1	0
462	23	0	495	1	0
462	23	1	773	1	0
462	23	8	524	1	0
462	23	9	513	1	0
462	23	2	496	1	0
462	23	5	513	1	0
462	23	10	516	1	0
462	24	1	773	1	1
462	24	8	524	1	1
462	24	9	513	1	1
462	24	2	496	1	1
462	24	5	513	1	1
462	24	10	516	1	1
462	24	4	462	1	1
462	24	7	495	1	1
462	24	11	513	1	1
462	24	3	512	1	1
462	24	0	495	1	1
463	23	7	496	1	1
463	23	11	514	1	1
463	23	3	513	1	1
463	23	0	496	1	1
463	23	1	774	1	1
463	23	8	525	1	1
463	23	9	514	1	1
463	23	2	497	1	1
463	23	5	514	1	1
463	23	10	517	1	1
463	23	4	463	1	1
463	24	8	525	1	1
463	24	9	514	1	1
463	24	2	497	1	1
463	24	5	514	1	1
463	24	10	517	1	1
463	24	4	463	1	1
463	24	7	496	1	1
463	24	11	514	1	1
463	24	3	513	1	1
463	24	0	496	1	1
463	24	1	774	1	1
464	22	3	514	1	1
464	22	0	497	1	1
464	22	1	775	1	1
464	22	8	526	1	1
464	22	9	515	1	1
464	22	2	498	1	1
464	22	5	515	1	1
464	22	10	518	1	1
464	22	4	464	1	1
464	22	7	497	1	1
464	22	11	515	1	1
464	23	11	515	1	1
464	23	3	514	1	1
464	23	0	497	1	1
464	23	1	775	1	1
464	23	8	526	1	1
464	23	9	515	1	1
464	23	2	498	1	1
464	23	5	515	1	1
464	23	10	518	1	1
464	23	4	464	1	1
464	23	7	497	1	1
465	22	3	515	1	1
465	22	0	498	1	1
465	22	1	776	1	1
465	22	8	527	1	1
465	22	9	516	1	1
465	22	2	499	1	1
465	22	5	516	1	1
465	22	10	519	1	1
465	22	4	465	1	1
465	22	7	498	1	1
465	22	11	516	1	1
465	23	0	498	1	1
465	23	1	776	1	1
465	23	8	527	1	1
465	23	9	516	1	1
465	23	2	499	1	1
465	23	5	516	1	1
465	23	10	519	1	1
465	23	4	465	1	1
465	23	7	498	1	1
465	23	11	516	1	1
465	23	3	515	1	1
466	23	4	466	1	1
466	23	7	499	1	1
466	23	11	517	1	1
466	23	3	516	1	1
466	23	0	499	1	1
466	23	1	777	1	1
466	23	8	528	1	1
466	23	9	517	1	1
466	23	2	500	1	1
466	23	5	517	1	1
466	23	10	520	1	1
466	24	3	516	1	1
466	24	0	499	1	1
466	24	1	777	1	1
466	24	8	528	1	1
466	24	9	517	1	1
466	24	2	500	1	1
466	24	5	517	1	1
466	24	10	520	1	1
466	24	4	466	1	1
466	24	7	499	1	1
466	24	11	517	1	1
466	25	2	500	1	1
466	25	5	517	1	1
466	25	10	520	1	1
466	25	4	466	1	1
466	25	7	499	1	1
466	25	11	517	1	1
466	25	3	516	1	1
466	25	0	499	1	1
466	25	1	777	1	1
466	25	8	528	1	1
466	25	9	517	1	1
467	22	5	518	1	1
467	22	10	521	1	1
467	22	4	467	1	1
467	22	7	500	1	1
467	22	11	518	1	1
467	22	3	517	1	1
467	22	0	500	1	1
467	22	1	778	1	1
467	22	8	529	1	1
467	22	9	518	1	1
467	22	2	501	1	1
467	23	2	501	1	1
467	23	5	518	1	1
467	23	10	521	1	1
467	23	4	467	1	1
467	23	7	500	1	1
467	23	11	518	1	1
467	23	3	517	1	1
467	23	0	500	1	1
467	23	1	778	1	1
467	23	8	529	1	1
467	23	9	518	1	1
467	24	7	500	1	1
467	24	11	518	1	1
467	24	3	517	1	1
467	24	0	500	1	1
467	24	1	778	1	1
467	24	8	529	1	1
467	24	9	518	1	1
467	24	2	501	1	1
467	24	5	518	1	1
467	24	10	521	1	1
467	24	4	467	1	1
467	25	3	517	1	1
467	25	0	500	1	1
467	25	1	778	1	1
467	25	8	529	1	1
467	25	9	518	1	1
467	25	2	501	1	1
467	25	5	518	1	1
467	25	10	521	1	1
467	25	4	467	1	1
467	25	7	500	1	1
467	25	11	518	1	1
468	23	1	779	1	1
468	23	8	530	1	1
468	23	9	519	1	1
468	23	2	502	1	1
468	23	5	519	1	1
468	23	10	522	1	1
468	23	4	468	1	1
468	23	7	501	1	1
468	23	11	519	1	1
468	23	3	518	1	1
468	23	0	501	1	1
468	24	5	519	1	1
468	24	10	522	1	1
468	24	4	468	1	1
468	24	7	501	1	1
468	24	11	519	1	1
468	24	3	518	1	1
468	24	0	501	1	1
468	24	1	779	1	1
468	24	8	530	1	1
468	24	9	519	1	1
468	24	2	502	1	1
468	25	10	522	0	1
468	25	4	468	0	1
468	25	7	501	0	1
468	25	11	519	0	1
468	25	3	518	0	1
468	25	0	501	0	1
468	25	1	779	0	1
468	25	8	530	0	1
468	25	9	519	0	1
468	25	2	502	0	1
468	25	5	519	0	1
469	24	1	780	0	1
469	24	8	531	0	1
469	24	9	520	0	1
469	24	2	503	0	1
469	24	5	520	0	1
469	24	10	523	0	1
469	24	4	469	0	1
469	24	7	502	0	1
469	24	11	520	0	1
469	24	3	519	0	1
469	24	0	502	0	1
470	23	1	781	0	1
470	23	8	532	0	1
470	23	9	521	0	1
470	23	2	504	0	1
470	23	5	521	0	1
470	23	10	524	0	1
470	23	4	470	0	1
470	23	7	503	0	1
470	23	11	521	0	1
470	23	3	520	0	1
470	23	0	503	0	1
471	25	11	522	1	0
471	25	3	521	1	0
471	25	0	504	1	0
471	25	1	782	1	0
471	25	8	533	1	0
471	25	9	522	1	0
471	25	2	505	1	0
471	25	5	522	1	0
471	25	10	525	1	0
471	25	4	471	1	0
471	25	7	504	1	0
472	24	0	505	1	0
472	24	1	783	1	0
472	24	8	534	1	0
472	24	9	523	1	0
472	24	2	506	1	0
472	24	5	523	1	0
472	24	10	526	1	0
472	24	4	472	1	0
472	24	7	505	1	0
472	24	11	523	1	0
472	24	3	522	1	0
472	25	4	472	1	0
472	25	7	505	1	0
472	25	11	523	1	0
472	25	3	522	1	0
472	25	0	505	1	0
472	25	1	783	1	0
472	25	8	534	1	0
472	25	9	523	1	0
472	25	2	506	1	0
472	25	5	523	1	0
472	25	10	526	1	0
